57612
42285
34318
30482
59650
53083
11286
38804
21457
21361
31538
63122
60071
59046
27712
47836
33161
14894
21618
62293
17945
22644
17447
57772
26218
12102
56049
45145
23281
28897
61551
48804
51202
26754
14033
19000
27591
47732
59736
11927
56802
43208
21161
18349
13745
20956
49445
12334
27657
44277
29414
15632
60438
55305
11724
26483
31049
42202
28662
58802
53507
12183
13072
44233
18804
33421
59724
55396
42785
41502
44318
56670
56061
59524
47966
18535
45489
41459
64872
25120
40520
35850
17649
23069
18492
49641
35238
58222
60606
10741
49397
11700
59843
63517
63109
53242
58125
40031
26771
41055
49194
22580
52364
54467
61592
38583
15993
52090
14842
42403
44444
13652
60386
12778
20231
27131
42303
33648
35087
59337
30683
12291
59589
29057
51685
51795
36837
43644
43452
30747
30837
48331
38423
26769
43418
20674
57817
35074
24417
31919
35405
15703
33568
13687
41443
19251
28049
33443
34251
31783
47004
31662
36633
37261
52920
62337
51958
18047
46752
44805
40659
28060
64380
43363
32567
26269
59647
18924
28259
38774
47686
61179
26740
36995
29185
46229
36866
26421
17715
25829
38148
55963
54305
52467
14167
36394
15962
21135
38869
28177
25419
57997
12926
42095
46264
45012
14928
33021
36616
55105
14397
52409
38855
39554
62422
64208
56020
37127
20221
32376
65147
51094
33714
63340
55447
25902
14448
55285
35108
32637
48865
41105
33230
63642
57327
50246
38438
58108
28457
58178
55773
60336
25195
45838
42745
40974
14853
23145
33969
55811
55148
20889
49143
52565
21630
57128
34812
24422
33451
58769
43796
59422
50914
46484
34135
60218
38276
59858
25161
24287
53463
55841
62893
14362
23456
46656
41430
20919
30603
60774
30138
29252
29790
30628
37307
43415
20701
64232
42868
26255
48916
23235
37319
61381
28017
57346
51283
60611
46708
55986
41218
14258
38923
10819
12699
42847
34999
27187
16408
65008
41696
58294
62330
19641
55471
48911
13150
24880
50922
24330
61319
47389
56296
46809
55685
33197
59823
16341
46638
32965
42710
24542
33709
28190
33398
36239
33255
54764
30471
19146
62572
24184
40810
23106
12973
56405
57466
11600
45823
22684
13385
59291
36627
63100
28540
62937
45445
59491
23747
21705
63209
52314
63964
59897
43103
45742
20372
11382
63681
55773
36625
25130
19213
10692
62846
35768
42993
12489
54821
52841
64684
16660
41047
44775
14745
33484
40492
41236
59905
42258
32855
41746
41070
60020
47734
35743
52470
52423
10294
38058
29974
14365
12563
45670
11120
19026
52111
30834
59626
30446
25171
32713
56023
39822
22500
38395
50085
41013
59159
51597
38011
37031
50571
11796
20874
45292
36414
63296
36787
61506
15194
59956
29678
61737
45755
40243
18860
64448
21887
45995
19744
48333
34981
10408
16246
56204
27414
51953
41555
44329
61939
31415
60187
10253
12170
34079
28321
63025
58430
57486
26414
28525
35063
18744
21180
21109
54671
65124
12888
55087
29832
34949
22520
20584
39037
37883
25026
46293
24676
21309
30551
11993
19320
39725
54967
22037
26378
28837
29294
16997
23713
37791
13483
56851
54993
10939
19023
46129
39605
47151
47550
25356
37805
43241
53434
44688
62608
39152
38823
50724
33244
20022
36337
24842
58950
29639
40095
21894
64122
13931
48680
58048
28668
61679
45064
31498
38656
12782
62787
58467
22836
60527
55638
24023
56039
15312
18614
10240
11121
33667
60280
55060
27426
28763
33150
17365
10088
20381
27005
41419
27382
25094
65187
11712
33997
42031
19606
54672
33760
29402
46115
56425
60542
40717
25099
19063
10709
48847
39523
30166
28540
44442
50675
48300
42923
19090
19250
15063
44850
12589
30134
46642
58190
40034
13184
60851
35931
13455
56970
49386
47661
31737
39681
24881
29227
65110
47959
53088
37725
17923
12979
49460
18413
34931
57030
16126
10062
44501
36913
14962
24914
18235
40412
51190
64913
38770
42285
35460
54329
63596
15762
29027
49251
41986
24923
20271
58397
60483
64826
38226
26572
15769
24073
44873
54692
16789
29200
60395
46933
57589
15282
23551
31247
51950
10334
46643
31727
55015
58105
54346
55043
59811
44483
63935
20343
60450
48200
22399
45165
33346
48980
32383
19567
36514
21700
45298
52294
30715
13385
41219
38164
33757
23722
53573
29839
49872
62474
39215
20437
34151
40287
64933
26734
17121
42918
11651
29639
61376
46144
28323
41700
33564
40329
58035
21644
58553
40074
50309
43085
26085
37906
27924
35186
28951
55763
48657
50754
32099
64542
26891
56715
10360
28103
44424
59783
28345
43953
63685
53306
28015
52775
12753
43799
15571
29678
38400
13398
34897
51360
10416
45335
38590
54770
45387
28855
10683
20552
25743
30539
55258
33952
65072
45206
49468
18937
32661
55082
61442
44576
12935
38710
11861
22275
41632
48410
12519
48124
64252
16891
23934
36429
59454
13172
33988
14590
18282
39828
34908
60339
17038
53638
41469
49788
25677
15249
31373
42735
52394
26056
15948
60559
41440
29170
11548
10996
42421
14168
22227
52420
54649
35928
25996
64488
56339
10643
20032
11713
27383
59664
33226
39661
21509
30549
14701
60977
36489
34682
24832
22288
23093
38844
44000
20046
30902
42352
39743
19425
44183
15071
54988
46955
28290
51194
55262
17924
60028
38816
47276
44952
17025
14720
27699
48168
30469
60086
61521
16705
16546
30797
47942
39598
10185
47941
52593
13142
31649
40454
12381
26460
29727
27344
21819
10878
53227
24694
48418
31474
13878
28655
30956
59579
37382
29302
15931
65277
26928
60292
20200
19492
57623
31641
62856
25970
27237
23728
32769
10350
59596
36431
17445
18836
12097
64197
25359
44484
33548
22543
53985
21139
56911
36677
19059
50126
35654
35180
14233
61818
23453
56338
52295
29270
39843
44253
38848
47907
49142
44735
59134
49948
40695
53606
51407
34818
44008
21465
63989
38866
26837
34210
29656
61629
25590
23649
54976
22553
61602
49970
46912
15092
18090
54461
59089
43602
30257
13885
53123
39118
21044
34584
24327
42235
40033
35213
58379
57183
57270
27325
12277
47032
11851
43597
16008
44933
16869
54478
20105
56456
21291
41777
56306
16173
63303
43090
11076
13213
15604
34788
54474
15299
53834
49141
59771
50905
15614
41491
14187
19273
37441
31924
24940
26094
27709
11288
20727
55688
25828
29282
56099
50351
20112
11109
21363
36919
63372
40388
47531
54028
45487
42583
14625
39810
35289
31742
44596
58197
53729
63014
32156
30211
18598
39205
55840
18576
38911
48310
24484
11712
22842
29092
47787
44053
62369
27486
22336
52812
53043
43998
36654
49307
39098
10829
16588
18297
49688
29561
49785
29068
56674
13457
35139
58822
39051
20003
44007
53820
14851
59055
65172
45487
43876
26036
35880
25870
33510
29284
31977
49988
52436
48037
41832
62270
62661
43640
28943
39580
57113
47813
52843
62031
40839
26479
33238
28412
60185
37748
34745
51181
65392
30506
22708
20476
63916
52833
55934
33288
55931
16970
20124
22448
44924
23728
51308
42636
32244
53710
26937
61996
49555
53727
63700
24515
52210
12226
54145
13022
20461
43224
26751
57025
16666
28020
29777
55771
18478
35010
11545
31658
14353
24713
31348
39007
46393
29844
41806
32406
37757
33240
53840
42821
34324
21463
16910
22280
13828
24133
26975
40023
18719
15185
29808
19806
64739
56304
52359
50522
31848
38075
53852
58409
30574
55025
45261
20415
51521
32095
43360
41963
54232
31736
50711
59663
10582
35511
22029
17199
51016
28715
58491
53216
55159
60699
19174
14501
54295
56253
18172
41895
49864
64688
47991
38111
57123
11305
22727
39831
11613
35042
20272
39178
19217
19385
53641
43421
62329
58579
19618
36244
56291
22371
17852
10512
33869
47526
64860
52101
14189
58329
38338
35688
31883
39706
33277
26247
44484
27934
44278
11577
38577
36531
29916
23062
57835
37428
12665
21188
22069
46887
55107
37920
54799
57163
19812
33772
62147
13209
22966
14365
58587
35394
42025
60116
57786
28362
37313
10773
37374
61477
60536
31499
23981
46365
28101
40285
29449
43906
32664
46464
16020
48671
32149
34231
40185
60137
25822
25070
15861
20123
12972
21820
62586
45072
15572
62153
19963
20852
61736
25137
45307
50686
25140
24767
27196
31044
42102
32841
19595
39970
19482
33949
64968
32239
32442
13983
39564
12175
43745
37371
19003
47830
16714
39612
15290
30685
57363
42968
56556
22698
39336
51353
48151
29969
35326
53397
20071
49534
30584
17227
41196
11795
29941
17229
56013
39383
46787
24514
54421
55132
22841
42340
16549
15489
16708
21214
63229
30878
27170
60549
17225
63705
47742
65241
41444
55457
12120
17338
18903
18674
58696
29268
50725
33294
39771
34231
50650
42964
52728
43671
33079
60186
64609
41402
35607
59018
16391
45695
57261
38999
57731
42002
55674
60231
47199
43604
19155
39408
19870
50290
18079
16043
17376
19400
27027
59152
29659
35981
13354
43019
48902
55363
10447
60579
65336
52911
10156
47843
13830
28721
14522
44695
35980
43839
29876
28806
51651
30576
57005
46570
60786
19594
21053
22094
12906
46048
23633
43886
24586
42042
13086
19206
35129
43055
41999
39693
17922
49591
62938
30480
18627
46198
65087
55357
33713
65350
11779
43233
22912
23341
10403
38150
15599
46526
20683
60059
42803
20731
28051
20786
32337
31023
21373
13697
58896
45197
46783
24496
26857
62618
26442
41179
22611
55133
27606
59964
15538
12414
63285
39449
25975
57150
50491
43262
46874
58425
27658
49827
21745
39843
51737
47813
62203
60805
22315
61944
12671
50498
22381
39144
42775
47766
21122
16258
21316
11772
61790
56474
14973
63048
45491
48011
39822
54396
45924
12256
16385
62135
56774
26576
15186
44809
27662
25952
30630
55615
45982
57849
64481
28430
51140
24255
20027
38524
27995
47765
41859
26632
14606
37917
18736
23523
63740
50834
24715
52171
23880
22941
25010
33726
62463
59903
44628
16955
49718
30564
37339
10865
52780
34906
17833
43880
41083
44798
50513
54474
64849
10393
50237
51222
30877
44972
64607
17554
31420
52328
21626
30259
56277
28505
29741
30210
20760
44901
28783
43220
59560
64120
15477
15517
31622
58195
10468
34576
53918
27671
35531
45301
28030
51422
31597
41933
13816
46235
11908
20660
23337
63389
13436
31041
61335
18835
14986
27462
48228
35333
37858
63194
20074
42194
22291
34561
40480
28760
10089
23801
61966
44258
60015
11802
54672
17192
24986
50832
18340
30991
56642
53261
43099
22593
46705
29543
62862
30510
12831
26623
24459
60510
55320
41044
16504
23605
17971
22844
28139
57925
61289
15782
19588
34382
34820
52282
26798
23495
32374
27134
62131
10882
14932
36061
57551
40268
23736
58638
31364
43235
28082
33705
30254
33816
42510
60798
10403
34758
31709
30771
29254
31959
49732
62865
28226
18030
58926
10565
48195
32086
26653
15810
19546
35210
44574
59174
30781
38659
55296
27607
29911
58311
34920
15486
52386
15009
42895
53448
54746
29675
22697
30081
20206
40265
17743
35749
23384
18990
51738
59417
25964
56427
30116
60368
33430
50160
31806
42885
62153
53558
42345
11950
33465
47150
60478
42800
33982
34492
43674
23535
35117
12784
38916
18159
24022
32049
35074
41276
57623
54452
61897
42367
21438
51648
60451
62519
17031
53385
43416
25160
54079
16021
24362
46741
43597
42552
25421
43919
35480
45667
40212
25383
58166
44037
17912
60539
42188
14154
13375
42890
39609
16956
45966
36110
19165
12520
57291
53880
61898
15756
52011
35148
15545
58365
33505
39270
10428
27090
20210
15654
18592
23451
29910
36577
29012
56372
21156
57918
44566
20980
60987
14832
15562
65146
31881
18592
21081
56610
15676
55209
43434
56236
22364
16263
45937
15692
39737
22899
43089
19769
33293
14290
36402
57750
29579
10296
40850
18500
13010
40279
35161
52773
27077
13354
62895
11320
44821
35534
17929
40512
38413
55951
50533
47020
19858
57554
32642
33001
28698
49366
36744
44396
48656
45248
39847
53462
24395
56414
41494
39104
59802
21227
47990
38939
54219
50333
29956
54595
35166
36644
25354
36150
47844
57016
61638
58822
51758
64598
49776
26921
19743
53259
27421
40710
52375
24036
33612
27300
31245
47697
18798
44245
10743
34383
20768
39819
50368
54610
49707
11905
32736
38649
47560
28238
33557
63352
33759
33650
44941
59403
22931
37382
59993
53651
50691
12923
49294
36133
62048
18760
62221
14855
26988
30353
57765
36226
64346
10926
12194
45710
60204
33583
60186
56289
40477
38636
38646
23210
37283
63796
38982
14375
50531
21411
32322
32650
24066
27541
34629
41952
45796
54383
13996
61529
33559
41924
45014
13456
16060
57095
23972
51830
40625
17104
59551
55472
50933
54007
27146
50788
53763
23653
29071
47485
53287
10117
49145
41114
25582
23130
28817
11341
10283
18700
33303
62403
24218
14810
50171
47253
33166
50429
46416
34117
60748
13842
56851
13842
30841
36646
52220
32449
20525
57023
52589
39626
26281
12135
63789
54277
50938
28417
15594
16177
34349
46953
53981
37557
21179
43094
53520
36662
35021
37542
32650
35635
46656
41778
47504
40056
24781
30978
23741
16356
45128
61018
46038
53657
48689
39473
20664
52108
39489
64361
16105
56204
54884
42441
61735
63937
10303
43108
58302
64039
30325
26374
51815
58030
17080
12364
29499
15942
13794
11800
31168
61073
56618
16893
30630
58376
42876
29984
39990
41209
24946
12152
31152
58587
52018
22008
45971
24409
45964
42917
39410
61864
23225
52964
54136
54030
17307
18639
48018
24791
44337
38094
63785
48619
28022
41805
59595
11136
62570
14226
13712
59403
57223
30615
12440
33117
38945
27310
47293
57580
38056
34643
64566
60625
56868
41500
57085
53505
18794
29852
28088
40584
23231
30658
50307
29818
31040
11663
47527
14856
62792
52103
21179
54758
40575
34881
45696
17636
64830
45217
44160
35376
30691
50540
55363
60362
21601
23239
22821
56692
54368
39132
54028
47128
16840
45294
37522
42555
15175
56878
35504
19762
22467
25329
13060
30581
30582
52066
25354
47214
29008
54455
36519
28954
13739
38002
55409
54265
50994
38168
39848
13196
47051
23225
17304
12646
35148
58492
29535
53639
35459
37162
15694
10562
52468
50604
57769
35909
40370
39497
33195
47975
21107
35479
17472
31080
23226
39108
47131
37378
55362
62729
32011
54118
57374
10901
64359
50908
20485
32189
17954
63626
29585
43475
64716
27309
28877
10762
31083
29062
20950
19805
33758
23129
38788
48988
48514
60987
25961
61051
64225
43508
23143
34773
32691
14186
57462
11754
25313
37922
38017
20408
18750
42888
38638
13746
65185
64431
33978
34718
10130
58472
41066
16162
30044
22121
25164
28186
55022
13426
23437
43388
47375
49214
12580
37031
35062
16554
54294
27043
26272
58997
45159
11910
61620
51527
64350
65296
39615
42316
53656
52408
47326
59316
46021
52910
38083
16531
20552
16758
41033
10900
59274
35409
17933
30956
30226
42750
27065
52718
64623
38874
18883
37829
54874
13975
62537
53500
64337
32389
21631
46064
52212
18114
45377
11980
55020
18647
16308
44942
16522
46793
14074
13912
29874
62420
20602
13353
21805
25528
13978
52797
48684
26663
44306
20481
17772
43028
11683
46555
15804
51795
38088
21588
26483
17490
59764
21773
42470
43294
16476
35974
52117
64915
33599
29178
11863
57555
24539
23230
65270
12523
50512
24186
20614
11461
10263
54647
22039
21649
50276
51770
57603
37445
10055
22825
19924
56000
13470
60213
31277
29468
64039
26533
20264
43565
60942
10128
20785
54597
40260
48657
18484
22422
64956
51330
53163
50138
22885
14335
37320
49704
42126
30231
54480
52880
44748
25722
46728
54418
18123
63854
58882
54356
45032
43386
16353
37685
24564
33418
35666
19395
35303
54951
57731
24183
16016
25013
28158
23137
33554
17449
61785
20736
27368
55638
39101
27822
32986
35289
54236
18902
22409
47846
23781
45084
21034
24376
49960
46773
21656
42714
53074
49151
45510
26685
65115
15786
28265
61209
35547
58853
18758
36970
46801
47491
49493
24465
63137
14796
64445
19634
15295
33444
63924
64531
11685
36911
25164
34158
27957
37640
38854
59791
62010
51714
28597
31806
49635
36253
21513
19912
39480
12573
23123
15843
17665
10489
25340
63849
36899
39638
41741
63196
12926
38904
35956
29507
65123
48783
64971
36241
47790
39427
18547
17357
22437
49193
21643
19106
57203
58602
57580
59049
56735
52428
58354
33678
31199
60526
63608
15411
42817
39810
29904
45791
32767
21170
31422
55340
18556
52553
21637
37478
35425
31407
42781
19206
64938
50341
13394
26263
57270
19043
63431
43810
62625
15281
14060
42464
65128
10118
46665
59658
40063
10378
20867
44512
57454
54520
36345
27247
50695
39621
56781
56271
50357
51282
59750
37585
17162
39950
52124
49934
35273
38901
45991
11195
58763
36465
57497
54768
44036
62819
10114
13938
54364
50304
29110
54826
22313
63471
58899
13460
21735
40642
16097
32914
15610
45455
55651
22850
65339
32888
24696
60556
42119
58868
43386
34467
47008
27586
23761
58218
19327
48815
41403
42743
31019
27210
25472
42125
51968
41155
13219
33462
23770
46407
35316
30622
62085
62004
12034
38554
46145
43671
24642
42530
20526
45777
35748
13680
49218
13131
57413
25298
61438
21470
29166
37985
28692
22966
26175
16434
34424
14041
63860
38916
32397
55023
38956
57064
26618
40877
10135
35717
39926
42902
56437
28633
29959
52633
64550
28221
55890
54078
29183
22743
15262
14477
43982
11974
31221
31557
34697
44822
52489
59408
19627
37762
47209
55880
14679
65273
17125
44414
62017
17649
15319
12569
28362
55653
30138
46130
53201
28346
57566
56257
43832
24128
38452
35242
18390
49684
17650
58957
47893
52977
60200
56555
57928
42486
23464
42748
15499
61333
17408
28602
12142
23007
56919
18141
41765
58087
14726
42872
59538
53625
42973
31555
61384
28261
32918
22211
14999
12348
10183
57086
27538
24150
17817
50717
55924
29199
46178
18002
40174
47442
50047
50113
36197
49373
30921
59691
47175
30163
40153
56431
55325
29550
64314
29161
48074
12873
43128
43412
16514
61261
33162
10554
50188
23576
35134
45680
34895
56808
32407
42352
29109
24550
33263
20767
46582
40392
18728
37326
26026
62905
60616
27437
54152
38539
21636
39132
48369
24124
55691
61267
21884
41769
44873
22652
53767
20360
25348
27557
11024
51324
39785
17666
42400
17905
51171
18216
14839
52312
17625
58654
54276
32583
22989
55417
15986
50551
17914
30350
47289
16489
37831
46078
34476
27069
65043
26647
62414
50591
16137
10562
21873
13953
23238
56777
60822
28523
25370
47050
63636
57291
12988
61419
62775
45909
31618
54558
51401
52198
36922
32916
24497
13876
16196
12871
27931
47798
61914
49742
30850
42431
10885
43833
36940
46958
61162
57337
45255
17976
50363
48056
37332
61862
44731
23931
60529
15445
61035
53119
34932
24338
42687
14693
11590
33123
14488
59090
11326
52568
36754
64484
52260
23834
33086
57034
43375
11149
63320
30376
40036
59905
55874
26153
64113
59195
30463
41784
32954
22439
33911
45116
11045
62485
38092
25928
33097
57021
16382
15227
15085
33453
11893
11000
64359
10990
49356
44921
43755
52730
10994
42406
61796
24476
40360
59519
11607
28801
34385
61666
51599
56808
56326
13020
30756
35033
42636
22169
26586
33083
45028
27138
56962
55331
16687
38422
17471
38358
45066
58264
20346
60192
60966
13326
20726
46963
54552
16372
48980
43004
17992
47574
37733
36256
55509
15776
29726
51033
29570
53184
34718
39626
42753
13710
47249
41576
15653
25427
18006
62323
47641
27593
53772
41501
51288
55449
26779
19198
36518
59100
56705
38115
44056
41710
27849
37159
62007
51884
34867
63953
63130
34791
31667
17514
40230
60551
63537
54088
14336
19171
60164
44121
47966
15108
16191
14625
63397
10316
39207
59180
21106
51493
27172
44913
20240
54469
48317
21879
50065
34183
63465
47325
51261
12183
43722
14233
53204
35844
29478
12305
46926
32948
55159
12386
39054
55112
21548
32877
45148
43076
59213
43951
60380
41681
24124
27384
23928
44895
49177
39491
36479
47033
54996
14567
17581
59886
10574
36962
12964
54731
47689
28868
56728
14913
46503
46441
51661
38528
35987
10411
51141
14643
33995
23360
13522
62230
47481
60500
36047
13452
41013
34147
11394
34006
48817
20874
49183
48334
64537
37990
15992
13668
60963
56116
10598
45704
52747
60227
41880
10417
45467
47423
47413
37620
26368
58050
15858
44063
28513
23888
40299
37395
47292
31128
49061
62666
56773
52230
54552
49442
24650
65198
59302
12110
44808
52923
12351
16657
48318
39986
11839
52295
15751
17373
60311
48886
29600
53825
50158
18417
15913
56152
35226
25423
42576
54902
49100
22457
46684
53751
48652
13092
37322
57421
36639
37548
26584
36515
41084
50011
41414
59222
30119
15726
45202
32440
25044
33927
48369
25098
62256
41589
47127
39309
20264
39157
55660
62242
48258
10761
17676
34412
20697
36283
22025
42251
37531
42792
26503
27345
49160
39015
32212
34315
20611
64798
37293
49099
64583
10977
43746
56729
44990
24444
38278
38198
21730
13813
13503
22563
34915
44919
21532
21439
30224
11286
36287
24943
60222
14016
42741
17683
19927
43806
53490
48993
37457
55932
52583
40597
22085
33894
51539
58255
41306
11710
35859
35304
57008
51763
24894
35710
51038
16325
18068
28246
17470
48719
50537
24967
41793
33797
57014
33833
44087
54932
43867
10796
39591
51110
57336
30464
13774
58917
11907
48097
18801
51874
61316
52327
46502
37963
51995
44774
17461
24325
23141
36013
26044
39442
50289
58720
61538
64003
63858
61080
62585
15437
31135
22602
13758
32753
62622
29605
11731
35266
14834
44104
18044
26422
29798
39538
15891
26025
57577
30156
31733
42614
21487
48461
17757
23742
47725
32518
53412
26272
18269
46019
14582
62834
15823
31432
22701
12499
36887
50137
14572
56507
48220
24372
16805
33032
45189
17390
18945
14967
12310
48389
11653
38888
20243
22378
16588
33477
48163
21161
12460
64417
38624
53926
43317
50774
25357
25869
33930
14722
52797
21416
39767
34048
60255
59141
34363
55612
55328
49986
49163
51353
50562
61230
54159
26145
46553
37355
46265
52840
42415
28083
37273
59515
50957
27241
19763
58946
63479
59594
46419
62361
18960
57510
65340
41509
19468
16576
55837
21336
53368
38296
60256
46329
20397
18546
63076
47964
63654
48599
55734
28029
17165
64441
17970
44155
33090
50780
52257
46717
64205
17252
46781
28424
16213
26512
27810
65320
64838
10861
59385
15988
39707
42781
33113
21207
41223
41987
58058
31060
58010
63484
30259
13886
11737
17492
49486
12572
52969
52397
42466
61645
34325
28129
44018
45974
62054
25589
42783
24618
50578
56639
12580
48023
11203
37844
61165
41930
36821
22416
23913
37278
32361
41196
47177
36222
27681
49123
22420
35185
30154
55995
53117
45442
64033
25846
51013
25793
47960
35106
44290
46501
46840
17883
21565
33882
44984
34652
47874
59645
41666
37104
24878
29918
56198
13761
38562
15588
14353
24495
37530
55070
29005
43757
21907
14610
55102
63960
63269
20616
29621
16900
38952
27017
53248
21210
24117
11421
61314
48228
61246
61788
42271
48808
12193
65325
37731
28761
64618
56732
41350
20882
56011
46749
55501
52704
30783
38704
51383
39435
11514
59314
54547
35242
62221
25528
27138
27938
24361
25397
47923
41762
21632
23625
20603
40951
60757
46347
53918
41518
12114
62779
17848
18534
49695
64279
27447
62780
54491
19866
38364
48433
43148
26381
36623
37399
55849
37175
56157
63642
36777
47606
11161
26858
17609
18675
29024
29323
14613
53019
26500
10424
13533
53460
18784
21825
32854
43922
48199
49249
60169
29194
47578
39239
40525
54382
10727
57095
51584
54338
43216
19307
38687
52292
54201
57922
45005
46682
48680
29699
25256
31538
50059
46419
30464
12662
11368
51860
23473
49407
19106
45534
42124
34437
36180
25759
54879
28062
25181
47061
48486
19288
59786
39561
25395
37148
40866
37685
20390
32992
41359
12556
19297
59320
15664
29162
33382
47393
23429
21009
63430
34330
26609
46354
24719
53893
49014
54159
11527
26467
39442
31729
13497
19185
64914
21551
64156
28332
52783
51640
33683
55364
54049
58760
19830
18299
38526
33671
25825
48759
31413
42518
60155
55460
62439
60628
41503
59013
64918
64683
64118
62037
23574
46502
60120
25064
36742
28538
11058
17629
23420
12021
32891
48519
12235
39953
62685
31158
59351
60696
16705
49386
59652
26132
19016
17803
35650
33564
35388
20006
44140
17238
26797
49662
12563
10240
16030
61824
36375
36056
14428
15672
20089
41834
33908
36637
30077
30278
43692
27038
41534
60233
55878
41637
63645
18694
62905
55424
35820
41474
33716
47145
44382
62390
16874
25394
17530
46552
62686
36624
22421
38280
18413
42638
26787
64961
10290
32844
30054
19951
25912
51811
51038
24458
61619
45191
57510
60407
58193
22465
27830
33693
21472
61397
46658
45683
46687
54921
12335
29684
57221
57554
56202
24641
48765
64779
11270
49979
55218
18636
47660
58104
13381
37627
29873
50084
11098
42350
41564
58676
47374
16982
30397
51944
52717
12044
57945
20958
42763
54278
52733
50746
27295
53868
24182
32759
64698
19949
20578
60083
16588
28329
64613
47321
40681
61893
33098
24920
25967
35910
23750
20169
62815
61023
35395
21780
47741
34154
47694
52512
15979
40434
57559
46103
50112
10308
16692
34829
18023
37201
18344
42120
59819
28118
62303
36214
23527
32937
50266
50493
14687
24539
51555
56749
21365
21880
31380
50535
48298
20541
38882
26384
47700
16440
48122
30828
64492
37420
44224
15939
64206
19421
58592
55461
12880
24607
37754
63504
64926
33600
45302
12482
45677
51407
30831
19782
51786
38974
42969
11192
29220
14001
65396
49147
16838
23456
39379
25436
39403
56097
36869
28829
23916
46697
60961
48306
61142
13999
56573
55397
36311
65231
61256
48974
18441
47577
60503
13484
50807
37338
38513
26140
14403
53961
30595
50499
52843
29122
45822
28882
25715
57839
34361
43627
35356
26000
25874
41297
17755
61057
43375
10602
20823
25021
38916
41759
29400
57462
27070
10225
44394
30731
18394
50161
30601
20361
57154
55233
63597
13003
13175
38750
63842
38923
35436
33727
23825
22248
54266
18608
25493
22799
48532
33973
18176
47332
48545
60937
13305
48773
58395
10992
51243
55061
40300
50125
10498
13303
16262
34428
30732
44728
31439
38654
63546
50080
20081
45225
15670
25924
35168
48684
52316
50842
46368
65321
20256
47753
12674
58739
24278
43397
11077
52832
35045
13882
51246
18589
17221
15955
59982
38472
46363
53156
40148
18651
40092
47250
20622
64278
51900
49963
23751
41387
22106
20258
24348
23761
30011
54401
57119
53803
32051
50536
30918
29796
40615
39747
39818
10506
17865
12181
14290
58212
26771
19033
35854
22868
26988
60069
30202
38039
50008
43236
38609
41003
58881
20071
27889
41452
10084
39652
21723
25272
39707
16004
45260
18341
32212
63586
27365
24843
52175
44891
43549
55127
57874
55684
52463
18543
18171
56346
60348
33898
44607
38017
30355
50376
31588
36249
57097
16571
28721
58192
47141
43793
46198
27282
57567
17996
64318
31379
40188
50583
18692
54450
63207
19771
36313
28649
51336
58452
18729
32940
16920
22893
60674
52344
63568
38948
54335
64237
21142
58356
33394
31905
14630
34919
65241
54394
44452
33540
32867
28108
48359
48203
56593
34146
41014
15262
47284
48236
64389
41608
57702
60645
24901
11347
12189
61453
10868
61162
15716
46066
55506
13387
47718
37381
12219
59430
56618
58724
25435
43891
34839
35147
48093
38194
47350
36960
35798
53347
40223
13174
15927
18876
14594
18722
29395
13120
24994
12555
15221
11665
45942
11340
11119
59160
12457
37441
29395
23956
30332
51879
26127
28372
17239
55555
17587
18047
22781
50194
63797
63105
60709
17431
15921
60142
65220
36719
60007
18550
56810
21733
25112
29597
13298
42169
25770
15827
64170
38289
24096
48817
60839
29074
19106
61099
27565
55232
20269
43574
57928
55167
20369
63234
32713
38705
50451
47185
46888
18154
60909
37301
32255
13460
30627
22365
56840
18807
52839
37216
22899
18168
12455
16817
26185
34554
60906
48469
18433
62486
62487
19010
50463
61324
23172
45799
27117
17920
63521
15128
22647
47956
40089
45369
62216
63901
64619
27969
13567
10507
41437
34302
65382
17823
20876
44457
22510
21038
35849
54072
51641
57775
26216
54536
45537
25883
20755
31816
49528
26241
51600
60359
35371
20322
23507
60865
54852
15120
55271
13697
40094
65018
44516
55040
26438
45361
43367
27898
58239
21496
29815
19316
47093
34214
21245
21918
65309
15673
35912
12120
38833
54592
16910
55862
39441
27555
33897
16260
47639
58369
28031
60179
61006
13850
29077
51155
33367
56676
16866
22415
40387
62608
51079
12129
53452
53334
21325
12247
53226
34469
57459
57052
40438
18879
14445
29661
17131
15295
23700
61548
27904
44166
30489
41664
52369
27937
20444
32939
65164
34414
44798
34481
28452
16148
26149
54745
30007
22468
24425
31997
13770
33645
17727
21531
43053
21319
50526
56272
31217
31631
54694
45927
40488
16622
19181
40420
52977
49689
30109
55655
58523
27250
21789
51839
48884
22685
62809
23060
22511
21272
19232
59794
10635
40195
55325
39492
56928
41097
59763
64027
63004
50451
43393
36421
42612
23252
60979
40910
15109
63011
42371
49124
14961
35245
22966
39638
54339
29463
55514
18282
65249
50200
22199
26500
36770
30427
24208
63115
36983
64889
12931
20275
59979
52348
18934
39483
60226
52244
51764
59504
63091
57304
32405
62359
27570
32100
20331
32992
56274
59703
48804
23073
62625
29283
41426
29747
29890
33006
39762
47134
54800
21025
50291
53563
12098
20696
58666
38533
39757
21401
29130
36598
30440
65422
62442
11293
10934
41355
42976
27702
38004
23977
29268
15037
24325
41334
24388
31863
19450
52726
45509
40152
21514
29726
25927
15307
51737
40591
35097
55498
18786
59753
30579
48094
22966
56037
34455
16512
44928
55378
61069
54789
22841
42106
18575
15515
10447
28204
30092
49100
46005
44633
10465
46477
24085
52897
25370
61154
47895
60588
52868
30855
27102
41484
20044
36454
16566
49293
33480
30054
29881
43310
42887
59498
31708
20099
62330
64618
29124
63991
25842
47576
39710
17379
57176
31193
61754
44115
30679
13238
21821
29155
10969
64246
47496
14652
26239
45466
20889
63257
60026
36792
33961
11390
49376
23925
62423
51121
18337
11956
34969
23133
26319
38886
29811
52713
14240
42520
20916
35727
34324
53623
37568
14500
46476
19350
17707
37704
52603
19843
21276
11175
28797
10330
55765
58005
52577
44260
14466
17453
49126
24913
35360
23846
28360
20596
14459
49317
50716
37101
17502
12964
49491
42897
24400
43189
35438
23300
41276
40804
14155
16324
13156
38937
61270
11591
33509
27530
27380
38580
26562
57098
54310
64095
18574
42710
40188
62474
31446
53467
46225
45663
63661
58618
37253
11644
46055
57143
26077
12566
42557
17612
43521
36008
49942
46922
49741
59359
51204
62508
44379
28176
55430
39928
40853
57027
55608
33930
35241
17827
53246
43672
14250
41951
47879
31550
16178
37618
51415
63737
38020
22312
28887
18124
62298
11078
48333
19001
13344
57151
10327
46196
18232
28609
25550
27847
53762
26544
19144
46373
55367
64815
47601
60404
21881
50017
14567
65355
32582
48845
49200
63310
11971
65215
65253
58424
21596
60144
61521
60058
51878
63487
31612
59988
47734
59945
60080
38129
63465
63700
27042
47729
35842
37095
27229
40364
23810
12514
59642
36884
20627
63315
31776
47911
56251
53297
64931
33541
46930
40991
44635
43666
38313
11413
15999
28782
26694
61348
41157
50254
24988
32874
20065
46041
62137
52079
18584
62872
64240
19212
29159
61107
14339
23412
45874
15025
53147
44532
48113
24149
48574
49256
26471
31194
31162
33918
38606
45606
16744
31273
49505
27554
40169
31067
24958
65335
39211
61574
47713
32916
62811
55897
19057
44778
11750
63998
54195
65270
58485
20109
45240
30610
23763
39789
18093
33371
36492
33885
20757
45627
20330
61877
29500
37733
24412
59286
27849
36449
57742
42714
47609
52090
64829
10800
37897
43994
31034
45036
58711
48682
40677
20257
38994
40347
62070
31572
62505
39768
37063
23805
11269
63390
40768
29098
16197
63259
42181
55680
42027
16152
63853
47405
13775
39017
27455
30081
54433
24627
17550
22586
58851
46575
39898
49498
55199
41845
16451
17958
12461
15835
19051
43231
44895
19006
61105
56323
37171
13200
47602
44022
53355
22656
37255
54864
22943
33803
47035
14623
38699
38517
43440
59477
48577
11671
25594
36568
41927
52339
13976
55294
56253
30934
58203
11824
52737
42972
34880
59900
50699
29001
23597
11583
17946
52312
36296
40036
32982
45908
43023
17057
25293
51983
39257
11160
18068
18747
46100
14956
18922
60335
57208
20930
29429
20682
41467
18223
17362
30492
61488
54518
55647
11752
10562
53159
43203
39229
29699
17551
64761
45981
51575
59397
32262
12862
47899
14199
11404
59901
25910
50722
23198
36892
33619
62923
22932
42399
46314
11214
55845
46305
40376
29849
61559
16990
27314
27881
39294
23367
16844
46695
33103
56171
58771
35548
45287
44417
19676
26648
13979
11242
60227
29001
43580
57598
49094
63083
11275
43225
21690
32464
35125
15472
54300
17244
34604
49281
60022
20396
18207
31311
54550
60729
31250
33501
46203
28685
47540
26383
43516
61748
30824
22494
32247
15466
62758
55111
16655
61233
46785
26541
26861
49460
49688
56005
42810
43218
13857
51056
62312
33538
64720
64647
18467
36611
38749
65426
58430
56543
60904
22589
32558
47179
20936
61950
14244
19736
11150
28246
38711
51577
44034
56534
30448
18922
49319
38957
50064
36676
41116
30580
21490
56044
33594
32602
47124
63565
17994
20970
52747
57713
35608
57890
38723
14303
63961
60000
40628
49079
33173
30234
47856
24805
39434
63566
51011
25912
26763
29709
32483
48286
27591
20111
22349
14564
35353
15430
32405
41067
14644
20673
55220
55732
21583
21876
41818
48820
46788
19078
17689
47091
58261
36557
19264
42475
54182
55271
36376
29387
30589
29658
28520
33296
19304
34403
36079
58907
20009
16591
25901
51387
40810
42073
56944
51211
45884
47423
31065
60949
61301
58265
48537
24770
53810
14482
23491
53115
48330
61807
34232
43215
46239
56340
40766
53545
65226
10074
43961
43975
24689
38551
58703
35418
22067
62154
32435
19789
31123
22282
15262
10583
63669
31668
61191
16488
29757
41288
11336
61967
38007
37688
43119
58188
49952
48578
55865
35584
21705
13951
12431
33625
37899
27052
55264
19704
41695
49581
53609
51839
58778
59924
59042
62979
43530
37787
22811
38296
10992
55134
17730
16983
24257
62077
56067
38380
41262
43874
11906
56157
63152
19027
16913
33261
52297
56617
23051
49346
63956
65360
45459
48527
54729
45882
17103
18134
44380
57431
48977
51212
59407
14679
37385
52692
55901
37479
37292
52637
26192
28985
47557
22758
24938
57962
34642
51041
17674
26454
62246
51383
57018
64953
51301
50150
11316
10068
38524
55996
20941
21950
49248
49626
36629
54656
47426
34107
51200
59239
57991
23385
23267
63227
63820
12365
40111
55711
58215
63974
55035
49460
18794
62942
51963
53648
53056
24766
16559
18777
20882
48060
31212
58868
63754
30254
58682
64662
55914
29700
54545
63173
13897
45937
13831
40391
45584
44250
18247
13635
62231
32680
10855
18909
61684
39096
22396
48346
40167
33130
12764
14338
22725
60221
20187
16726
39937
46104
23864
59850
26007
39341
25670
32281
53140
50625
56507
36185
63882
39475
57927
61729
13759
11829
14867
31302
39774
55805
38855
56487
48611
43412
35619
34868
52507
24235
20307
65366
59576
17710
51016
34531
64420
45966
47658
50979
58657
16822
63650
30043
47971
49965
40148
29268
16267
13300
48730
25282
11955
10152
26078
42400
27709
15588
53349
58288
31358
26230
47736
40115
13350
64284
58449
49438
37893
41087
18787
36083
27419
11724
34554
30446
25508
10532
19607
63556
13291
55840
14208
45915
45135
31588
19228
29975
29006
17720
57483
47983
38274
44284
12236
36035
26837
43153
27461
47072
38666
54415
43890
12278
37455
14575
50803
32584
57797
60759
11406
38078
48479
30654
42137
46560
43869
22397
57701
23451
46875
10613
14444
15707
48357
61916
24793
53730
17549
26218
38380
15687
20145
25840
48984
37876
64938
16116
27305
21896
30403
30066
61150
53900
13616
43797
11325
27542
43623
22946
41542
22616
41398
41514
38773
27798
37489
33774
52237
11229
14921
14880
38579
43952
23747
43509
33712
12598
49087
22147
15837
45574
44742
11060
18880
39312
56580
19384
49173
11859
26945
23471
39819
38053
10484
51191
35330
11409
35122
62087
28671
33602
37194
30079
36068
18802
28667
13176
56007
33463
49040
16305
33955
64079
48839
48775
20864
10708
18649
43149
50350
31980
57936
42300
25019
58670
39062
31133
44795
10682
55835
62821
61918
38095
22077
44129
19720
18408
57214
33790
41619
51680
20940
41262
55307
37981
12586
19596
51059
27917
25121
60726
37892
63200
41049
45402
10557
15399
26004
57040
51017
28929
14245
40598
44324
30582
57464
58594
13209
62919
40882
23062
54836
11975
19996
44786
47271
41935
24034
19167
37934
29204
27895
24643
57710
61518
49407
19845
23775
60024
17211
29225
27521
31399
20809
51191
44064
36376
28913
38474
21513
18652
36622
47286
29614
24569
60916
65028
16812
57208
10428
19881
19266
11152
33375
64250
48899
41854
17922
26281
45805
61358
36369
40269
57952
49145
36430
55390
46535
20331
10787
56928
42121
34901
18916
36626
63453
51090
54659
13799
44994
39130
27785
32483
22456
22960
15025
46904
35616
62783
32009
40357
49270
24697
26308
11908
30218
24049
54411
26284
26032
16799
27238
45232
32380
14259
59256
19808
35891
18162
14977
56600
43966
51383
37222
18855
32273
24647
24368
50282
56447
12313
49348
21035
55670
29038
34699
20603
42401
25932
54456
36640
35598
39632
62670
40440
49051
38628
47507
22597
23769
45188
51530
34712
29188
45939
21598
21932
63142
58168
45376
29598
25831
23781
31824
60744
60159
62602
44113
51432
10137
37776
46940
19239
33276
30870
50185
44578
30552
19244
26590
22231
49235
17515
29104
41283
25086
63947
56691
47183
62084
28763
61065
37587
34626
19533
36719
46651
23423
17511
50740
54707
43440
18781
55623
48583
20416
60412
63084
23120
43229
58645
18125
48834
48629
10702
48173
25548
37760
64375
52140
26172
44412
31976
29777
52634
58516
53011
21944
27847
30729
19324
14760
44869
41921
45982
38457
53164
36310
19176
58192
42315
61792
40636
49541
53644
64002
11177
27883
61960
49507
31688
29095
63180
62430
61058
18325
26376
56642
41080
55604
27324
24610
16459
44586
59785
50955
35398
57833
46389
19185
40797
24927
63914
64253
16024
44147
13614
58841
13844
41088
51992
65082
46688
24320
60324
20338
27727
63253
32962
20160
28878
27823
41589
27726
17140
12120
27393
12531
50103
21001
64008
37079
57458
60408
40624
45265
59875
24144
61710
12836
14110
29267
23090
59345
23839
10766
35486
27280
44186
10667
36849
27609
40482
51251
48085
64687
28873
46565
33941
53495
46343
38345
40949
34454
61944
57170
52256
46641
31439
50866
39075
26369
30755
48316
64164
59319
55194
58121
49718
18194
22401
42448
28383
30380
53197
46629
48988
63870
53317
32593
53573
54889
58737
11745
54388
15754
21026
24089
36958
62887
61156
21199
17610
57594
56819
16993
44207
55891
48411
43491
20634
11577
48994
30583
39188
29329
38003
21154
37852
45558
41677
35175
33298
33079
14292
31390
63161
59047
52984
30043
39233
28907
15282
60676
34569
44091
29636
16411
15072
11065
37657
61324
28016
62888
36979
19106
52664
47309
53250
46433
38419
29870
42107
59699
27360
22330
17053
29032
56681
39190
63524
13788
17976
20209
38114
40545
26757
38253
39762
58849
45559
29115
62225
47789
42391
58061
40372
59620
19934
39113
26811
23092
21603
32095
29969
64357
27992
64638
40562
13687
51310
32626
51043
58535
58047
20291
61020
63825
58048
31135
27924
32681
60754
33123
60978
61486
61289
21446
51844
56119
48631
63212
24491
19018
49115
48383
31477
41304
28129
30409
28756
12197
33147
61554
24545
10112
56222
20786
29426
10267
37077
19064
31629
48334
14320
18408
28049
17518
33913
53420
62924
18349
23363
35550
48028
27758
62539
21051
28516
62128
14916
14559
18380
55563
36257
39994
26125
58699
21477
55532
64381
61847
57894
35360
64800
59366
39354
36832
65197
37675
13445
32359
56331
28061
26619
58897
29002
29971
28335
31395
20787
60876
35169
22424
13312
34366
65356
37358
10534
27549
55809
12846
27614
31968
12350
31362
42183
26577
26643
59170
25590
40317
12611
19398
24513
57123
46631
33490
32636
17671
53491
58264
26596
33865
32731
48102
41894
18653
11173
56430
32940
26643
30287
10448
22397
57641
49966
41020
23411
60383
36935
32160
54167
43562
26276
13316
22934
24130
61600
50075
60427
44541
31234
48413
18996
36900
14353
51916
55660
56510
34802
39256
46453
23803
20153
19950
30738
26965
64530
21638
61653
36983
18171
22192
24633
12121
37866
27212
40110
62916
56929
23104
15178
47364
50780
60903
34229
57833
17319
52734
45008
13287
28901
45854
14302
31098
57897
62691
25117
46094
45608
48587
38636
19504
13816
61332
59200
43228
53561
60536
24999
35290
22500
57837
59010
48460
29193
41124
62684
32131
60519
39288
18152
48452
41114
64742
62106
41941
64890
35907
44742
53214
26040
54590
42376
33956
26149
42772
27286
57420
56026
51252
43636
56698
33567
14915
63614
52630
29612
54372
30603
45038
30241
28921
48551
58836
35168
14205
62407
59446
64304
60346
52298
58492
28673
16143
23643
14277
54211
48160
26082
37384
43402
38416
22584
49386
41029
22938
58227
31795
15405
17529
59901
46058
19746
54780
23362
49492
29238
59156
55643
19788
18205
45727
36992
10483
41481
41762
53616
36651
37557
26955
41576
41996
55459
27095
34443
18306
13554
63904
19367
31976
45930
58017
62313
40589
36752
38816
62031
49286
17242
49541
61587
16323
33131
30112
20580
15771
44627
15385
58666
27132
55867
28542
48543
50422
57716
62328
43080
63493
63159
28138
54862
44918
43322
29750
31306
58004
36835
39609
26478
63378
52288
61391
14814
40816
34723
60579
54222
28606
10454
28981
20196
19238
39819
42862
39673
23741
36817
28778
33316
44321
10333
16829
36628
34171
26616
12949
60473
61011
63763
41367
64305
13063
28014
40941
61547
28261
32679
60486
28401
31301
26253
32201
36098
59924
63816
14920
11441
19718
59128
15923
17134
30454
36250
23580
11238
52721
41355
32743
49984
55718
43004
36933
40218
63103
51195
55490
18774
62966
37971
50851
29045
64858
46352
19494
48623
12798
40697
22820
44276
29147
55460
50115
22437
32688
52427
13878
64853
58221
27481
12320
27312
26256
11670
36399
58747
37542
36039
54989
17387
60022
25007
64067
28160
20521
58782
49618
56493
21036
42915
41290
31842
23992
63268
17031
24312
21229
63517
54173
44170
58476
30681
10926
46474
11104
54054
53964
55492
21066
32663
21194
37424
37681
23724
49822
52605
59842
49925
40973
41233
44191
49250
16880
63588
15695
54153
57195
56473
21748
32699
20104
17421
14628
31889
41141
10637
25639
61164
38923
38707
13275
57342
13559
63496
44778
12624
41225
15215
40392
56352
53370
58938
32361
43007
21103
36556
64929
24100
28592
33289
60112
36434
23547
16180
60135
10769
60961
41396
58674
35423
37764
38371
57429
31515
17896
12013
47341
50730
24247
41065
60791
26030
25088
57197
38630
46049
22504
24738
27596
39954
61364
20629
47506
15799
51319
30808
18958
49749
12613
12680
52564
43346
22099
61063
18519
46475
46582
25940
63740
53507
24358
44303
15375
46946
13408
28264
30112
31214
52909
19546
26829
22739
36466
62360
40485
63299
30573
63678
62119
57300
50550
55011
63960
50915
26578
28454
50826
62170
30856
32525
62727
34680
54872
10322
56440
30892
36830
47357
16165
34835
49400
39148
56909
54536
22475
36933
26583
60791
33045
61432
16617
15714
25820
23148
34322
36402
24486
11768
34407
43827
54768
38957
12824
44527
34549
25543
63640
64321
43183
12147
54922
49641
35795
58140
16474
18532
11826
47007
46816
41925
14765
50540
49119
31783
53878
51316
65384
43500
22986
62167
55520
14234
46672
19223
59631
14336
58550
62408
59712
11466
18869
56060
56437
49852
19000
55520
48769
58664
60208
32979
51110
38230
31223
19855
47840
61809
46381
14963
46120
65074
52925
31263
57149
54580
41391
22728
61427
21393
13641
36541
23213
37215
63543
61991
16569
43202
15781
57738
36296
22176
17097
36148
51346
46494
52189
55083
29881
22954
13977
27420
18630
60821
17712
22298
52312
61480
62724
14322
16371
50762
58407
64192
23697
11305
27651
61544
57927
58293
13213
55102
55569
13534
40981
62865
31328
28038
62062
33950
35166
59196
58416
10568
64958
35372
37674
10680
59870
61705
59940
23183
19420
17524
62595
38952
51230
43931
61261
27973
14930
53937
14506
36729
55400
38097
28961
44099
52462
14386
39936
60657
11238
13313
38998
24412
33539
46289
55482
20344
21404
48037
34056
32497
37217
43767
62651
47532
42251
14369
40208
35240
37746
37533
28269
14447
13397
43972
41238
24201
53745
35181
62845
46995
22873
44450
45566
33314
10599
40353
18294
53768
63429
35609
35351
49164
38474
37852
23497
25080
46142
22413
53685
57523
19613
44097
14582
43511
63855
62946
41693
60933
29635
31089
56763
47143
48292
31704
21976
32190
36761
29054
31858
64464
48392
21164
57277
38762
43667
60509
13722
38577
40728
37240
33789
16566
55454
64733
20263
41318
59289
44533
50991
54247
27663
60928
30802
42185
22500
29685
18224
41850
60078
12958
19334
31952
21765
62299
11742
38111
12090
65263
64505
28845
11317
49358
40188
16702
20478
31791
54592
10688
62023
62507
40086
24969
15136
65017
27273
18831
62305
12195
22847
62171
37901
22411
44680
13240
55903
52666
47556
43496
24048
25825
22199
15885
59226
60446
61278
45139
51449
36837
28507
20474
34904
42741
56556
35745
53104
63637
37666
30056
22919
32744
46478
33278
33700
31684
60627
59373
12607
29907
59095
27858
28446
53184
25473
44334
36448
62363
64814
58678
37571
33660
48861
10192
48963
35028
51660
28644
29831
32726
52149
42420
35117
42912
63042
24194
61259
31373
19225
26608
40255
46241
55734
36925
41930
17334
50158
11099
34643
39815
15282
55492
54985
48030
55793
44214
49552
11968
26273
50761
13908
59605
38326
40422
47154
10121
55020
46766
41779
57716
10559
61910
27352
16723
42667
56852
30661
56958
11659
38938
20872
39511
39690
29893
14344
60449
25274
19971
33496
23044
12750
26419
33990
52381
22006
40132
24689
39828
52914
64392
62798
60850
51287
46146
46870
26000
31795
32607
54823
47232
21055
27508
13590
35794
22990
56830
58684
57276
30862
43231
25314
26992
60021
40664
31330
47214
12785
61250
64714
58372
58248
50622
52728
56470
43652
12690
18278
10939
54046
35707
26697
31518
62970
10438
58152
26894
30902
13169
40279
35463
13158
19476
50776
26756
51960
14550
46681
22289
38101
60094
56693
43551
62499
43298
23810
13387
60544
22330
47377
24527
33735
19405
23865
55281
49939
61109
54919
42675
41096
52210
16895
28141
52077
31881
61358
40967
29736
29330
35956
59634
20297
38054
19033
60054
59200
52085
47750
51006
17236
23912
26674
27770
49306
35070
48534
32997
48482
54167
54309
53369
51759
23331
29476
14014
49104
57248
19872
33050
20418
26098
44193
31284
16716
36295
28422
64356
24613
13728
39701
60172
29463
13893
27498
22200
28373
34201
33111
14080
58444
40401
57454
46891
25074
44104
11242
18116
43666
35584
22369
57427
23772
19162
27752
49465
34414
17705
17594
17168
42965
43356
34869
53127
28292
57383
27614
32364
25586
23058
20990
36373
19005
56995
61798
52068
27377
55990
42670
29298
65093
31075
56583
56555
45529
15184
48787
60279
30252
50698
24142
38818
49315
51385
29807
37986
52930
57584
29921
54806
38062
27806
17954
61482
61098
50599
45212
14584
62564
20366
53659
39970
13269
24828
36911
28302
44712
36088
19640
25035
11163
13343
11144
25802
16427
12459
13030
44134
13585
53906
21003
33083
13179
36535
27404
26953
55913
35559
27650
31637
60320
39941
30315
10355
26998
47777
46540
23623
28394
29897
41862
52970
54774
61957
14571
12806
24468
29467
43414
22731
10753
48787
61647
36564
24080
51334
30959
16148
20689
54434
55806
56974
51032
44233
21105
52469
42368
58159
50335
18752
57801
31057
18189
62821
27245
26278
27145
56282
12737
47033
20424
14820
51611
14422
44321
15778
37918
41948
10905
32674
24983
10476
28162
31185
64245
33365
29914
16358
16434
37215
16834
27142
28238
57670
39306
59387
10188
20964
10614
63677
16527
43585
28974
23981
43596
65068
15464
15978
60246
34028
20688
61786
60497
56241
43478
31866
10515
53171
32899
44905
14872
59537
46705
48370
38215
14251
62763
40519
28844
18383
45668
26570
61866
36138
58457
28292
43716
58388
26118
57310
43249
51956
45126
57398
22114
39308
29903
42628
17976
12448
44582
19706
46634
49416
65045
14543
37909
53019
26073
47307
34523
56229
19412
53946
36663
65219
12723
39081
60078
56351
50074
46412
21257
61180
51613
62985
33534
15531
47809
45955
16029
37485
52790
53628
22156
28579
62403
31864
35216
25739
22604
12914
28314
61416
14042
23669
53323
43665
56651
58762
35593
16461
38946
15375
62024
30710
58518
16171
64749
20237
13040
39041
37448
30258
52230
55026
23590
33116
14806
28225
45985
40531
31678
39528
54915
11161
35981
10638
11833
42618
10531
40639
41512
21236
32284
44173
14605
32285
57585
53542
57106
19280
58104
12379
58797
39580
25693
37345
42791
10308
48449
37368
37468
48427
47300
32399
49210
51348
34773
48457
56552
64995
36024
32416
45937
52469
58587
23165
16728
11913
62001
47605
38377
22754
62398
42069
50348
58565
20310
62199
43373
21551
44404
40857
45968
47080
59609
47784
45639
38034
29397
12219
54974
43350
40792
40238
46176
61586
26019
30635
62431
19551
65241
54365
58986
40271
37870
51088
44392
52247
35944
61558
57431
33332
36287
46557
18977
63207
38847
58873
22519
20135
64634
56683
47332
22106
61767
56509
47934
34605
34737
49529
38864
56048
36260
47765
10443
47488
35757
21138
51924
43606
17026
32023
47057
49360
49640
59351
54200
32240
41161
12118
12246
45905
10981
34126
50588
59988
15737
16975
30312
60181
46566
34660
39881
21948
41605
48462
47949
38454
50584
35546
30738
22885
56869
57932
59769
64766
62264
63088
30383
30369
33665
59191
54646
38313
62521
31490
28229
58655
34783
63832
17679
20327
60624
44627
46400
42340
57270
13371
17800
12951
15769
32381
49732
13906
49442
36453
44545
11572
13008
62097
23694
41394
19621
35051
22463
22031
46426
63070
53446
42232
28372
11483
31577
29588
61799
34252
56266
36622
21884
14234
33304
10041
53660
63668
37903
11692
54498
45789
55887
47495
14094
11576
22538
13751
21149
19001
62577
19956
18081
61608
56105
24764
52286
26603
56433
46566
61537
24967
46114
17958
46649
44675
58414
48170
33690
20115
45240
55021
33484
18040
61783
33244
32358
56082
18794
62346
33026
11564
52462
43672
62775
65313
21492
22086
54809
50813
62832
60344
20419
58915
11630
37087
39886
14872
60658
24476
59191
36081
51602
16091
62656
10381
60481
27817
34018
62200
30151
56766
15651
20909
54955
58065
27733
30394
12857
39181
22756
17763
34540
42434
27088
46013
60858
10400
27876
17484
45060
62952
23084
51445
19384
20116
12256
41498
46386
49083
57163
15533
30013
10576
14738
19224
16034
29948
54837
17511
59110
53020
48085
64209
64468
19825
45776
48693
22077
47799
50547
27049
43100
54110
29948
21698
18744
46911
34707
62431
60276
14558
25238
25549
47560
12951
30452
63745
56739
13719
38227
19452
44059
25421
41300
16330
18301
31214
63468
22605
43207
60635
15572
33449
12702
35712
24124
29308
11761
43099
48195
41370
41736
51125
20501
31405
31805
41133
43789
38863
12734
52199
51737
49771
54759
40511
36441
24474
23867
38448
58474
25081
22204
16089
32104
55037
47873
43975
24677
46849
15878
40431
18378
43885
60091
13188
56113
19098
15884
32722
11154
10960
32154
56972
28502
52049
46491
57441
54794
28480
53344
56363
44395
44672
11036
25648
19889
44468
52259
56665
31404
25396
11468
32097
47325
23134
38569
41077
61893
38724
22236
47578
15928
59904
38702
19643
41033
25595
54002
26226
39554
64021
45496
12996
61324
10187
14137
21301
28992
21280
52948
51964
31698
15269
64770
25246
51603
45810
20743
65068
44111
42824
14106
62053
48344
18866
23696
17742
12681
23360
33316
55768
38829
16181
46602
32700
30095
53399
56630
59000
16028
51513
60097
30757
45817
34294
31638
19712
42882
50577
18148
48201
61566
64386
49052
39749
34523
16864
59655
21823
47912
38213
42429
57931
52317
63632
58429
36530
38401
50900
37364
22661
48094
48805
49144
63716
47308
30964
26081
39433
59370
34416
50177
45794
53505
62204
26499
61592
11990
49027
51409
29631
50075
23219
58943
28483
37034
27865
16104
14997
23961
61078
50658
18524
36758
17543
64231
61800
51846
35680
61729
50547
49862
27250
59962
47838
51765
37912
60704
24498
37684
40646
35452
27390
37077
31031
63644
34618
45231
38090
42639
39894
37381
44164
40480
50051
22413
20338
32036
34251
48640
25540
64550
44660
34877
64996
35721
39231
18775
58856
57847
40227
17671
54006
48745
54403
22521
23789
10451
64625
28468
64342
46010
38446
58559
17571
58047
58620
19787
56367
59436
61011
24780
12963
60170
45840
17312
54840
45659
26302
45383
14141
55949
25166
34747
32651
30103
18412
17244
10740
53080
20655
34317
28351
11163
41904
19736
52987
63803
15810
49197
59177
55701
36575
23276
17369
17906
13441
10140
41895
47128
65092
40804
31517
65142
62700
52064
31311
18751
60136
63133
56487
27859
10988
29329
30925
48790
61863
36598
41145
37147
57596
52856
46125
35839
54502
33368
41783
33987
24807
44214
65419
49697
34313
43461
35241
44286
64713
13445
56601
51496
46353
17345
50164
23057
33879
62432
14828
62206
47778
52272
21386
46561
29741
15616
15022
12898
50233
39398
65031
28256
11594
20320
60421
54773
34518
55758
58099
57111
63455
29461
25246
45609
18386
49941
46519
35996
57656
63067
32960
27953
31006
43162
48685
18867
23568
25137
42160
44420
20123
33173
48026
55654
28162
63994
11130
28202
18650
23490
10523
21897
34376
45274
51447
24758
21814
20747
57686
31216
35815
56012
25876
28582
56712
15086
45756
58477
31404
39261
51197
53077
25607
22196
23253
31918
62741
54091
61639
14547
31175
17781
43543
47966
14690
12026
22112
30984
45763
57980
15411
29937
57677
43121
38820
21721
21356
46179
25367
29564
38310
57807
44180
44991
10490
11673
39592
34533
39768
51203
22006
25325
60275
33332
48400
34164
42042
60998
53930
60121
61753
42391
14834
35883
25506
40007
33320
50349
62020
50077
60845
21208
20789
51915
45840
48436
16137
35017
50814
20366
49484
29714
14407
24571
36006
13235
54896
38938
34363
43911
16230
32978
16642
12804
19186
38061
12341
28790
44186
26922
24855
26057
42071
26771
21050
28229
29487
22738
46085
38409
12439
24775
12315
58540
15386
56443
39511
24526
23303
47489
27192
51224
59992
15644
50119
20048
61425
14849
36660
50795
24967
21443
61968
35098
58991
24697
13530
36695
18967
25570
51013
23387
37986
51226
33114
17191
21383
25628
43904
50789
48921
13437
32552
54818
43405
54696
62449
38252
30256
29641
24703
42788
51611
19280
53867
44106
21552
47952
31584
52914
56458
42518
46476
51965
22550
53940
27210
44728
24192
44037
50774
51214
44696
42896
30490
38484
13770
48845
62286
63463
52227
22776
38210
37005
10267
45367
26799
27695
54950
52386
29512
53747
18893
60008
58852
34799
38449
21784
36156
53753
14348
30160
18831
35369
40433
49230
23512
37491
51135
50436
13034
24411
17931
24801
10803
11934
23816
19109
30387
49569
19314
17750
38657
10954
52064
57359
35244
48036
49655
53388
43314
20719
57654
53492
32202
11641
50715
56224
14451
33759
21688
19355
50193
22733
23181
50108
25037
43332
52103
49436
34816
61410
28083
51373
22988
16723
48934
11432
58477
36807
20870
46906
59417
45745
63705
14945
33583
65181
44393
39746
44911
51282
33499
62293
28049
13141
56712
14584
33540
64042
10667
31090
18097
22855
36327
46151
64241
18706
32235
21142
48492
57895
26191
29899
39236
26867
11941
34771
34964
37118
48768
58102
31323
32766
20040
43596
49240
47870
62933
21472
58397
51968
41565
27950
28150
31207
38809
55753
47771
25202
61266
28868
54948
25590
19921
60417
46715
41979
20708
21982
56406
33837
52787
64962
20065
48635
22349
13436
25170
43094
63275
36833
17089
63165
25657
42824
55059
24011
11031
55539
53276
23651
34887
47326
27116
21158
56111
48319
57299
38471
37590
21985
29780
25036
24961
49453
60834
41203
41514
64045
51940
61356
18933
59437
53726
48011
55583
41776
27019
63903
33532
61402
12047
63363
28644
52276
21031
63896
59885
27386
45782
54325
27468
44123
29149
44974
16714
19772
19840
54475
60832
43831
38910
22815
32991
52026
57434
50106
62788
31149
18665
54956
49283
36313
61338
65230
14602
62577
47310
16681
36194
25774
47227
12242
13287
14525
13384
58565
11218
44326
24547
53573
50976
22747
40725
14872
32582
54116
26789
44878
58911
57845
57291
51986
27350
51271
44012
33151
32524
62602
27604
20949
57377
49458
48224
53749
22990
19166
14405
57378
45002
12618
62536
56944
37441
52433
43155
59680
57261
17156
52810
15275
62094
17549
60524
22380
36711
12745
64303
62960
57331
26207
42086
34370
19338
58212
16751
60695
36029
28773
22144
34331
32776
12030
14070
33475
44678
40127
39227
62351
24813
63824
28571
29846
32707
54937
60469
10893
27943
44136
17387
44408
58474
20088
48859
50017
50804
42657
20044
37931
52134
57449
18806
24433
23992
65258
44065
12047
53675
65402
23082
26425
63411
48487
39398
19718
60043
30965
11547
61316
53212
18251
30370
38259
14713
14109
20300
49824
43519
19287
51524
13855
55690
10194
60131
54284
22280
13293
61846
28337
49272
50280
62460
61707
29188
18304
25804
60925
65331
55838
12922
45894
59520
34919
13052
33765
28486
24239
30939
63782
55006
41199
29414
21487
54834
43734
23906
51040
38283
58963
46647
33742
61822
38624
28286
59114
16922
17708
47224
18444
40009
17571
43961
62651
62101
14342
37337
39508
20837
25756
15677
10249
56732
57309
18846
55390
50552
27305
21243
51507
30747
31778
63243
50390
22944
59814
38927
54996
17019
41498
45988
31304
35491
14706
11620
10141
29184
17932
42364
27332
18671
12383
27923
49753
52936
24106
26044
10090
13180
21858
62881
16243
32708
33909
38360
23107
24471
35903
18932
15838
32872
60564
28174
43158
43568
14917
28372
20614
62128
55850
64789
36225
50572
34496
25052
11460
40994
44229
64983
15560
28437
33562
42755
44664
48791
51303
30796
57037
63088
35403
64982
52782
38848
37891
40367
42704
12893
39055
20779
43283
43652
54227
45288
61498
16033
40397
63410
26903
38295
55981
12092
57856
29896
11815
41406
11878
12456
41721
46213
19407
13253
13321
42797
44026
14142
39608
44397
42885
19333
45302
22691
12768
16332
24766
15333
63950
52361
16532
58068
51432
34159
56918
34747
51672
33289
32280
58872
20319
54176
10301
25790
56309
37098
51974
45994
60455
65124
19055
35043
25051
28659
28784
28363
63474
53056
46240
10192
45588
19122
28563
51445
26331
27194
32735
11518
54632
27325
58143
31344
60816
21963
26318
63142
49932
44530
64551
