60515
60609
62461
22435
43016
19800
59767
42305
63842
29535
26134
20409
46335
25638
14281
64667
35789
57454
58663
18103
41052
44845
45913
21263
32676
64958
14496
41816
53357
54560
61954
18194
57891
29564
44271
51081
39517
60618
64102
16641
55911
41497
21643
25733
24705
24939
16304
43997
61641
61773
46841
56564
41554
46803
36598
43927
53281
30405
52178
49033
22767
15462
42993
13428
54084
12904
25292
24484
61601
34183
11468
19022
15593
56475
30269
26498
20133
23567
33614
52414
34334
26360
32932
44364
23905
25996
64596
13449
40202
41950
21569
51340
37777
28728
62761
33021
41200
22605
54752
20607
58545
25840
43782
22778
61555
57442
36260
48369
51987
58617
52087
12330
57003
17190
34491
57488
20071
27729
24018
53609
18601
31920
62135
14512
14131
25218
52212
34304
61408
26753
28802
35661
49886
28479
37256
39248
53980
21952
48175
24126
30060
52904
18686
13253
18300
32985
27614
38913
32176
54551
28433
10500
29363
29239
65045
29650
11976
41574
56158
19081
15183
37426
45872
47737
21387
29986
20942
62252
22081
35803
39996
38070
34187
64733
23230
60246
54155
18295
10524
14206
40129
22006
36605
56442
64847
56955
53961
50139
35509
61605
46474
25154
10856
25541
30548
15827
36289
24639
45839
41451
11584
24085
36725
63950
22736
19986
10127
19769
64986
20355
40546
52853
13138
25233
61456
38960
43251
40753
62416
27819
48422
40850
46368
39846
65393
60065
59956
50162
62672
18409
14059
61853
37587
52025
57036
60183
48985
17968
25421
26406
40424
31373
37751
64332
21762
42424
21135
59226
62489
51511
56824
23089
33443
51085
41957
17153
51479
32467
21592
11898
61356
47568
19196
47792
53193
41523
31620
52330
33548
25937
53003
34338
53481
48700
10853
20814
14750
20643
26221
14784
55545
50035
42503
45849
21109
31795
46799
25058
35107
38742
40775
60090
59359
61976
20257
39542
60947
37312
64666
38500
46638
64243
45363
65145
36527
26685
27786
27999
31695
54454
43249
39723
33808
61872
57198
24182
30663
55652
30832
27375
52730
12943
24346
17580
47202
40307
36107
14969
34648
13374
33724
38918
57523
18379
49676
38114
37275
12827
36496
19575
16640
59724
47218
51762
31767
33316
40095
49554
53308
52083
22485
38583
57215
64144
48172
56417
10297
38999
37816
52936
41937
49217
19162
47997
51794
61488
28145
16171
11859
28163
21699
36866
30095
51105
14241
65388
15959
30285
52073
48182
63302
45674
50399
34067
28367
14137
50846
58315
27496
18459
32292
29620
28041
25971
28763
43840
57012
39855
14709
12830
41290
55432
63983
48613
60836
56720
23785
54676
63621
12415
57246
22707
58953
49711
37123
62455
45768
55629
34351
48010
41852
63863
44635
62478
58053
61657
16136
16643
35686
28587
50302
12991
27600
14719
13004
29900
61678
56305
13347
51343
31348
62245
55829
64068
39633
48777
14519
17045
10207
27250
48941
12527
23883
12705
35630
26722
39986
51657
64297
20256
63979
40829
30504
55283
12498
21148
38339
12290
21305
44104
41409
56141
19110
45150
38236
28002
30733
30634
63482
30663
21239
16822
20167
64489
13275
25587
34379
44597
13244
42091
24032
16693
40299
24730
25635
20629
25001
27307
25911
12964
38526
50534
37362
16476
14993
31134
56132
13229
41999
13060
61743
15759
23712
23623
59683
24474
27686
34216
18051
12383
37338
10649
41722
59551
29972
24720
60578
40929
18796
11177
17577
33671
32708
64199
20048
41625
11481
57816
33245
40214
50965
21807
35923
54312
47520
13355
40846
41183
43217
34132
23234
23462
27703
43626
20715
52707
17174
39610
13216
46101
47661
58010
58814
56397
20028
34579
30962
44421
63662
37939
21204
28629
16553
29282
25793
24370
53850
46576
47549
12977
17843
31265
60514
20285
16042
50973
50926
47891
55963
57205
54386
10102
30932
22654
55657
18954
54425
23495
42770
29826
26249
32464
43301
49331
18314
14307
62052
54051
27613
29119
48575
60193
20737
20272
34166
49628
22856
52330
59160
62535
34712
22334
13815
34633
46341
37516
12577
21156
46762
33546
37313
33641
34947
33285
57585
46270
38165
32864
12374
10983
21720
57858
10460
57747
51877
28096
14952
13760
15837
27873
42007
51623
38445
21990
11554
10390
21203
24975
52124
41795
37513
55977
21662
19771
15127
53737
59849
11210
51693
25199
42385
58493
54730
63860
33495
54200
39481
34621
24975
27963
38931
10775
48974
44084
15218
23693
16321
52606
46961
20889
64572
18176
16339
45448
62947
56430
34942
22141
55349
49967
20094
12498
40375
58722
28861
64581
17265
30729
24383
53224
54930
52916
61217
21586
18773
61338
49004
36380
39982
51228
27024
43467
60080
55057
53827
19557
19510
37650
49880
24720
35228
57259
34107
37868
63729
23995
18709
60677
47164
46261
40031
51513
13409
47086
53851
46418
51462
57715
16243
14555
42019
31850
59955
55625
29220
32190
34119
56934
49372
20474
29408
44452
30330
60046
12698
48857
10155
60968
29396
52177
25191
52683
61587
53224
59367
44086
51221
44994
33631
58216
40534
60600
13017
41885
26259
39876
46930
58643
45342
25973
51927
52687
10929
52003
26296
64886
46831
34130
25014
37150
27766
58959
15489
52083
17372
55516
61089
48179
28756
16013
32151
17021
28971
59427
15382
29615
55667
22227
59400
26755
40343
63873
14851
36831
60779
62808
25330
39610
59075
16063
25653
40232
19198
59970
63614
35069
52667
27876
30507
52391
33820
45237
12480
33212
46688
13733
40954
49243
19683
18116
43355
56351
22353
10520
11498
33856
24449
16634
13597
43432
21049
62656
44284
52038
11461
23545
28915
26520
10626
38930
21751
48147
40975
25693
21787
56480
41673
19310
22378
41523
64780
41057
30196
31002
52365
20824
33694
45106
45441
12998
41976
18082
53316
62506
32686
33501
42394
62287
28084
21958
20498
36871
55789
53696
47792
23543
23805
47020
60969
56212
47762
40333
42737
55568
27972
54892
62812
64337
36005
60202
17931
64310
39429
29406
46002
33880
53581
39764
34546
60714
34137
32537
22773
11731
50132
16624
46239
64847
13643
60974
51506
54353
19293
15359
60273
37615
24985
56864
17202
59125
27182
28845
45012
11207
20258
47105
32492
56287
31850
40570
23266
25800
10398
24902
51088
26215
40068
50466
46902
52129
63512
52013
45005
53393
11602
50956
27828
34031
51609
37004
50793
20951
43709
35153
39111
32117
11815
44674
50047
44827
19009
18376
35781
18203
44116
60528
37332
34690
62059
37677
58215
59194
35300
44571
65382
60758
27312
60914
18280
61966
48736
45983
29648
49286
56038
25694
58852
49851
63671
48382
27354
63246
37677
57513
38169
12257
62350
25653
30560
52506
38287
25870
48156
37553
44281
28497
60810
23287
35535
55111
45561
10490
55880
15566
42199
17034
47837
21420
33628
22601
39967
49540
42339
22391
54802
64069
47590
15893
10969
30456
23940
43427
10064
37497
23098
45374
44767
50542
30523
30497
11084
16042
36186
29349
28467
42818
19221
40802
24327
27700
57990
22417
15799
64182
17233
27168
16305
22635
21852
15055
29710
60069
22784
42703
39677
53220
12986
59991
25603
27358
23734
62022
45341
43458
32434
24573
26247
20618
52455
16180
22230
26488
17978
32799
36449
38581
47305
17883
12615
49743
43462
27999
42703
60948
11092
42929
34166
23610
13702
57339
64441
33812
61301
12228
22655
33350
41956
64079
30662
24268
36260
55336
63022
55192
24813
56792
27602
13206
56925
43859
44571
18591
32676
25486
46738
21276
12414
47710
39062
47552
33833
38750
24722
13024
50863
28502
30988
57969
22032
13705
11954
45880
14463
40152
32611
55729
22446
58464
27115
59917
18910
20009
55682
28339
62595
12792
22243
34023
25215
55620
10742
22880
63407
23049
17720
19603
20487
53789
23765
25164
51402
24054
22949
27016
10720
15522
13934
44985
34840
21101
50261
13708
57997
24520
44714
34360
51060
24312
12991
13811
42022
32850
38733
29607
42686
16268
51980
58935
25530
11294
59351
58526
34573
48184
13857
31963
58626
31709
13281
49370
22184
63709
33915
36075
26661
12712
21653
51830
46779
40544
23614
56778
12966
31447
47792
24097
38892
48659
28473
34364
54402
34632
37965
25551
47000
21751
39070
62583
13844
32491
53520
42360
38047
14616
32341
50849
61136
20770
22843
17262
30377
32012
57209
38143
25589
47669
50954
36690
27491
56619
39829
64797
10588
12719
27514
63780
55371
27309
18115
29352
26888
37936
15748
20994
35249
48612
57460
16716
49352
45085
44033
15929
54464
64346
24070
33830
23241
10600
52893
27999
14409
10437
51461
48993
63422
30918
60132
22830
30885
51550
14692
52034
53974
21467
10984
57411
32152
65355
12994
32676
46334
40488
42164
22816
10744
20465
56853
39256
19397
62970
62599
43974
40714
38449
35153
54745
43658
57638
54872
54131
21813
17067
40268
45376
42136
28205
20902
60593
11291
45874
36920
48448
23867
32605
45775
49335
16975
30546
46214
19324
16172
41665
34809
40116
15116
47936
59552
46908
47767
47183
17634
59597
24468
60928
50647
30983
13607
33193
37524
28434
56265
31976
57306
15217
17619
33852
39878
48485
39344
43326
15344
59915
30227
26309
41205
28705
30286
57501
41674
16745
13505
25975
15294
25774
19127
64862
50583
36122
61316
62353
17188
46209
15192
41606
48984
29214
41777
30807
29855
30214
33225
52954
45820
34972
63974
53469
16058
60970
10111
29565
45628
48513
27564
14833
46973
37004
24888
39085
55987
46003
13792
23669
23501
31554
40416
12400
61410
16502
17973
56423
43764
21990
46278
53563
45530
35250
62512
27372
46762
53854
61076
26000
48379
34682
53846
14087
14596
36828
32311
11889
51443
11207
63516
12477
17592
21701
40080
27642
56547
64155
15439
29135
23945
39870
12131
31702
12416
45247
59124
18120
25098
53912
30342
19697
26101
57028
49654
18979
46979
52832
52701
37610
25496
46390
61788
56776
50458
50620
32977
24737
47001
20843
38344
62816
13442
38035
29134
18821
37703
61505
53540
39451
58007
20195
45458
47922
56272
17872
19028
41499
22537
33141
54709
25793
41990
46623
34089
33915
24603
18401
41538
40369
38972
63964
41764
34738
58173
26580
35179
21808
56866
18182
12449
42913
63760
31614
29743
30591
41073
53908
20812
10771
64524
55222
17534
55239
22125
49407
61981
30036
10825
55425
17689
21568
48498
21050
24257
21244
53119
32639
16584
41891
52375
64498
26768
47232
54388
50330
36959
62331
50642
39063
54754
49503
58265
43605
64276
12596
30261
11829
15445
46768
14583
50968
26733
55544
18636
48052
61183
36259
39989
38387
14960
41793
48614
42801
34344
53341
28956
59196
29152
34557
58171
50256
61806
35825
30889
19132
56631
50801
57742
38227
46701
60500
59592
18650
40391
33725
43886
19758
53887
17381
34058
17514
11905
28896
22709
37537
31771
35540
31238
44658
34710
46191
61558
33821
29678
28998
25843
37804
39519
32500
37120
61685
11780
30730
48905
53273
22057
60368
33957
36407
28539
50035
26664
27802
61623
26857
15791
18833
50023
33339
55057
57830
16764
38979
62280
35475
43915
21679
40945
24893
24456
50607
54670
29872
64139
16947
14671
25997
34754
18132
12058
12905
56832
37036
14877
11016
59511
44429
50125
65415
20495
62557
49418
22588
57871
27970
47939
11680
44736
59861
21962
43665
50292
19818
21346
16629
32655
54889
31174
60690
33709
39003
39875
30940
58496
65087
29295
43662
52382
45653
16302
44538
38324
45279
34688
22451
64260
25037
23049
40914
30975
38923
35621
12746
52226
38189
57378
32040
18503
20291
21927
50730
23275
26229
14983
12035
60184
10776
60800
45221
45680
57091
28435
35687
48791
42895
60701
40688
45345
14798
26624
34450
36817
33678
33172
17634
47213
60516
47744
21575
45763
45462
50539
18370
15914
43720
10943
15505
37127
12646
26093
59796
23151
59333
21683
42377
53265
61087
40263
27142
23704
40466
60279
37476
49868
53350
60061
18159
31287
44888
28423
13721
53420
21179
44274
59073
17471
28500
55453
63596
22757
44835
53073
14068
21727
33800
56723
31755
59781
53983
51748
54416
36259
47147
32105
58136
64600
62309
60164
27469
63340
63110
25801
60826
26990
53272
50697
32146
23268
37074
12678
60525
14436
11355
34972
30974
51528
32503
31439
40396
61393
34633
49894
59718
17390
44841
24111
54650
29940
62962
39686
35855
20731
64904
29484
49274
22025
11001
34256
63761
53312
45160
54282
24475
20272
18034
41822
36456
57643
65247
48544
20226
50523
25782
38584
58744
38712
40236
62320
31936
50186
26627
42592
61729
19927
25744
27510
14465
46352
56561
43223
30718
36495
64454
12614
31049
33057
45889
16365
33100
17577
42172
42969
32200
33607
35550
31641
30127
51625
62848
22042
57015
21436
39930
18773
25432
43556
63123
36781
30958
14094
28600
58901
47195
43717
39683
41390
61595
43735
61583
17703
28067
56799
17121
57887
57183
65128
35820
61077
47153
42135
52339
24031
46402
44403
24218
23075
60760
41410
15733
48522
60567
53226
34956
26744
32290
45645
34967
57424
30605
18069
61641
19486
59004
34638
20251
37820
64351
51687
30666
56227
19090
19173
17621
54039
35740
48990
28811
50911
42097
13404
59625
42679
22118
59670
54760
11677
24926
40838
50963
52466
48713
23818
47157
13111
40349
59302
32669
54859
14982
14146
55711
55816
37720
10438
59639
43891
60339
54223
35710
31154
49130
63635
22507
25366
56008
11197
55989
16852
12857
39800
15413
29536
24471
62648
23988
53749
60533
64837
50078
61439
42119
30014
48999
64186
32122
16836
53373
54690
38559
50884
18716
39970
27966
32750
18241
37939
34448
11523
58000
59313
59585
10761
42567
49684
50258
45582
49797
25041
24861
19166
18037
30276
65004
28710
64963
54997
37031
22099
36042
23745
23888
44968
43114
55545
52177
19885
35641
38414
59475
47552
28136
26222
42702
43594
17360
61353
49319
21321
30020
48812
22897
27510
34987
22646
12391
24695
63845
25238
52592
45436
54680
63592
21466
60506
35356
28542
35991
64785
43276
49349
43752
50054
14219
39897
65217
29505
59722
30842
61976
63801
12108
20675
38504
10073
42793
45007
52341
39631
27956
23273
16410
51246
42571
22000
24631
16705
59642
23660
51200
42821
15279
64519
31039
14614
46995
35692
54048
55388
46892
16528
16536
52429
21228
24287
16931
38699
56806
58091
16702
45841
59547
32504
24928
34192
61661
61717
10459
58431
59152
39498
61143
32349
35196
30860
28326
46141
61233
28215
39766
25242
20548
23965
37327
28768
53938
35127
41362
57125
32017
39054
37730
58126
17506
15658
25122
44859
44121
47210
64025
49038
29521
21437
10580
48641
24068
52696
45900
44355
19522
33622
32447
25137
43971
24387
31622
23963
53898
12294
25040
38483
27554
37379
32710
28347
23525
54559
37412
28323
54339
45023
12450
50799
60932
29149
59631
60922
50262
19121
18252
42073
14148
35060
26006
52291
17750
30576
45336
32349
22842
54581
17221
55056
41998
23867
43387
46966
28436
35601
41330
12882
56457
21020
31864
28680
55195
39270
55158
50750
17171
61126
22107
54222
31051
32696
20598
56192
14822
65172
17086
49060
40295
44141
42314
30816
27508
64890
21199
30720
62705
46483
21977
25984
20235
36707
12447
20908
40828
13296
31687
62544
37921
39475
27304
11377
16991
32205
19593
29623
26137
49038
58078
41164
11584
39127
18381
33802
42016
24110
18157
62703
60120
52650
38855
21078
48964
17720
64513
47550
41499
35948
51497
65076
28671
61686
40241
28793
12445
52807
55045
14870
13970
21336
51865
42916
55419
17331
37885
46579
59031
35983
36216
50518
22607
59669
29074
25033
62915
57776
27095
45484
39359
60190
29482
37650
52108
31452
63190
55338
19297
46438
15846
27261
48542
46315
44651
53579
63445
29225
35255
30611
32836
61073
28608
13969
15892
39544
54853
60603
54193
23689
39114
28873
63069
26379
50191
49555
53244
28990
65225
10080
65252
12121
23780
40694
38095
49861
63116
40108
34987
11939
16533
61476
61777
37891
46323
53003
46200
20650
11152
53250
62138
58417
31734
64343
54960
31267
29347
11010
15882
15863
57309
60995
12132
53536
44112
34065
47423
26493
55721
31638
59351
64300
41273
48485
36873
24606
17531
52130
22428
49918
64644
47654
51100
64006
57349
11728
12539
64431
12901
52247
63467
16728
58550
26510
61684
40849
51244
38970
24748
49519
13962
23278
52797
42105
18048
39892
45487
60035
59152
60618
34124
34038
60091
40181
40760
43511
53760
64058
62131
41960
33333
54987
56539
52663
47418
36224
53856
36625
62929
57211
11592
62240
13147
24542
34147
56811
14609
48341
54775
22798
33267
11295
20793
43045
49690
38674
14691
59955
34584
25098
18101
28599
17593
30549
12429
44593
42620
27767
43375
20562
38876
20058
19224
19618
25129
15515
34788
27749
63766
11621
61631
17215
13733
15834
12798
52526
52911
29268
54094
63317
63509
22361
21031
34896
15491
34700
44901
64634
46738
61974
31431
39272
29328
12322
23966
27899
33571
41608
48735
30609
37359
55257
65181
21385
37678
44416
39445
51020
16736
55614
45191
28816
58882
60111
15483
44926
17562
19282
50696
40502
47547
33444
17425
33851
10922
64106
14377
59300
50079
21503
53650
44569
23131
13952
43938
43503
49888
30203
51916
11438
25217
29947
18181
62499
10729
57408
13236
12382
12078
47108
61652
31576
13338
12710
48497
12371
49798
56641
50033
34080
44893
34765
55293
50845
16256
53139
19106
16038
39614
25964
57952
15293
39383
23025
54017
49365
35902
30074
25899
45927
50142
13722
62091
45483
17634
19735
25640
52931
62421
57726
55652
10248
20602
34997
47871
53950
33794
28115
60572
45520
41209
35069
45110
33935
61060
55737
64705
17613
53619
30201
27681
60993
12268
20801
11799
34478
35834
61931
16670
10299
30499
40336
24426
31602
30361
50388
56712
62622
28754
10960
46192
12004
40247
24623
44203
10215
12764
34651
29525
31361
11075
38780
48422
12576
60501
51401
16009
19334
39735
63201
41028
12758
53217
50725
35449
34290
29889
40248
35904
28023
36254
60372
57804
42396
56950
16060
37414
19603
29222
32211
42571
22177
21189
13129
33935
12964
27142
59477
57067
60264
28080
62456
36347
31849
60137
42495
35926
32337
12391
17860
21171
45292
23711
39897
33714
46961
20768
25539
20129
53494
51265
21034
14684
50495
46704
56427
63824
63153
20039
37323
58094
45021
60911
60049
11956
56323
64446
30927
32005
55762
46212
59904
16085
43400
64265
42748
53804
42228
52389
10092
49413
40058
50704
58291
59727
35758
57315
15926
36445
16787
10138
12737
23603
35838
64763
29401
47964
35796
63868
13288
40776
39918
15307
53354
42043
58733
10814
14430
42701
20635
55887
11513
54017
60526
33696
42631
17658
50384
52644
53038
26297
45182
45915
41248
57474
50538
18006
22284
49133
26346
55560
43955
56317
27303
55787
51575
32198
50294
24328
53809
42479
19656
50895
46941
60300
12009
11557
57812
29898
55219
44757
14661
43038
46316
18792
19411
11282
28395
65145
63855
35414
28138
59446
31750
43705
64968
10614
35854
18398
19798
17486
34615
20825
42981
31472
35311
51775
33975
43007
56262
33611
11356
43174
19787
57325
65393
42804
27258
46635
30493
17814
15173
19700
61317
22500
14197
31759
46718
19498
29255
21656
26769
18843
20252
11982
35568
61296
56539
56519
43906
52134
23056
45867
10487
59135
27435
41610
50990
15243
48836
11260
44779
63318
41948
21797
15580
33225
61467
27307
14478
49269
48955
60303
12688
38886
21815
58181
26410
17633
22194
37694
54961
44140
31757
24251
18289
10527
49021
32928
41467
45780
19325
21781
38308
53402
18373
11471
58083
52445
18100
31938
16844
30081
24463
43707
20146
46644
20470
38547
33892
56676
34259
24883
37509
51012
64603
30124
42508
54897
23041
52959
53939
19612
61639
59558
38863
18354
29062
44891
18175
53159
26519
28297
21349
52626
33206
26292
18039
40098
55449
36157
38082
36698
29912
19964
10570
34898
39385
15046
54662
51583
61750
45251
27983
54145
53154
34867
10974
13726
21003
14265
20792
36313
13224
10523
42389
38720
26224
22417
24087
22348
42032
19690
32574
50905
43087
47052
60702
53623
25026
60515
20131
14396
45936
20777
39808
16649
20316
17816
35317
10446
30160
36004
51714
36676
64527
27334
30508
34062
57578
10061
39312
12851
50940
44170
42085
12716
63568
37657
27990
39694
43719
47491
50441
65285
14056
45906
52621
21477
35919
60704
22648
55253
63628
55242
10856
10841
45724
11093
38148
49594
35286
49796
26411
27217
60579
56066
24587
57920
10892
58933
12580
49639
12266
51141
31964
22956
23302
22653
17582
44050
61417
49294
56168
63400
50412
19994
14657
33469
33018
33668
53027
41804
40372
28430
32064
45536
42481
45062
37936
43998
52285
39950
18546
63870
52294
20366
48641
15513
14836
58221
40983
64687
47905
46709
39116
56580
52671
30441
54419
31814
45021
61339
17866
49988
23135
40106
32748
51620
44437
61365
33672
22966
54314
41263
47552
37292
52631
23599
49106
37378
25057
17471
18745
41563
23620
12081
53023
20541
38766
62904
54418
21398
40544
55768
32495
20981
62009
44761
23787
45425
48154
63941
55723
19522
51131
20084
10715
53175
14529
23975
55935
32542
18478
56992
20040
23237
30026
48540
12538
54616
11395
21530
29133
41114
49046
51439
39214
19986
49323
54788
11836
53585
38367
57202
64645
61958
29712
21461
20167
59082
39505
23980
16649
33619
52825
56493
57396
21444
30374
38393
27264
54736
13021
59142
23669
23803
27338
34026
18362
22084
13015
59847
17530
30888
27559
20490
29299
38657
17233
28790
50255
23828
47601
54053
48100
34193
38755
10529
15094
53611
21509
63311
40094
50241
13323
32829
30849
64241
24779
36152
60922
13963
56973
44190
46588
57027
47302
12598
21368
46538
23729
54948
57609
29016
39544
25800
17846
44921
19462
26740
37544
37894
52555
54600
33073
35297
63155
26899
27942
38763
30782
16025
14641
53501
50053
33733
21406
34416
44298
25510
12961
30106
47266
10905
44081
45133
53411
11338
23841
53072
55769
25977
57439
40602
61680
33057
47401
34633
27563
61483
64824
34449
38241
57066
60975
44320
64000
54662
48487
65020
53846
39056
33199
21314
20735
62732
40651
62263
43170
52853
47534
50570
39130
15016
44321
51565
60514
20906
32311
18716
45549
21743
10454
63045
32841
49375
21428
62544
21468
23206
22041
43757
43285
14365
32074
49635
12414
50908
59152
31227
61049
41519
42490
54238
51076
11117
36376
12298
63822
17784
62459
27377
14298
50428
45225
45352
24015
31453
62133
22273
39312
45933
58937
50875
19446
36459
30142
61778
33935
44823
10333
56207
52251
63181
27210
35774
27439
18531
32674
47573
18430
61408
65044
54749
37899
43909
28305
27005
25394
14436
28513
45889
34072
44620
25182
57705
18256
63990
45217
38032
49203
47621
33223
27050
52895
32325
24291
41467
12445
40022
18175
19904
28657
14889
45979
65254
20198
53710
61787
27492
34693
32563
26802
59921
49350
51932
13360
19231
44086
57497
46949
12877
23988
40250
50538
29380
18571
64597
18189
16978
33040
46310
29416
27706
45763
41756
59126
62290
33673
41238
46995
54206
29167
45976
39721
41780
38134
27916
62718
39570
25305
33682
29804
30616
11927
38249
63042
64437
28473
40404
41512
41226
63804
58561
53091
16633
31502
22314
25206
35645
21186
33317
12042
59804
65250
37856
63286
28352
51395
55513
60932
15463
55708
62256
51126
63580
61210
36539
27535
45695
63622
31029
52847
61885
27882
35534
31672
47494
18671
24328
26148
46748
13103
57643
50632
54338
52754
52097
30583
27106
32250
59794
19194
28576
18154
52773
21136
10392
42673
31107
64333
29626
40375
36902
56529
45897
64410
61488
16689
48333
24425
32738
31798
61090
28477
55892
63075
57695
34498
24277
15370
25076
39590
22196
53758
28769
47022
32789
55261
26077
44227
42751
56447
43003
60308
64479
20833
58008
14905
21360
15019
37670
63577
64773
30889
58712
39597
31291
17440
57360
57727
55381
20139
24843
53639
44003
24893
46410
53145
33566
31018
48869
15741
59701
17122
60355
21658
51085
10783
58472
46286
53897
29939
64103
38822
15469
33243
27106
41510
16874
65066
43723
40477
50291
25803
62133
20431
43007
25158
44073
40686
18195
53667
63379
12012
55098
37638
33744
58144
61644
51643
59939
52056
17178
20460
11968
61586
50400
15258
41602
13914
63298
58978
63049
49123
62969
50335
54990
55657
38171
52981
33134
43047
43388
32399
39919
60695
42962
13897
63970
27829
41445
52207
28785
32176
33493
41642
50493
14825
20671
44512
52844
43462
30170
52739
56325
61443
64084
59335
36663
60725
61770
24661
23139
56726
49373
24934
30192
52051
56384
56589
57229
14439
53990
37483
30886
56474
42944
28531
20512
51277
15168
36782
60142
37173
54277
58171
30204
55128
58243
17029
35055
12056
13538
44269
57246
48697
19169
17444
61830
49249
23299
27851
20334
63478
42151
47886
46898
45202
17964
63303
12309
19705
42932
50438
24465
46196
40272
18302
60609
16328
52199
11835
41434
54304
29587
46212
34980
53922
28605
15859
18176
34443
54402
16031
42737
45642
30534
55788
46813
62269
57394
16197
62690
48906
57278
34920
16917
27449
33724
14292
22842
41594
51669
27051
21284
16697
40277
15551
50581
26366
21625
12643
49391
62641
34686
32924
24795
46144
64956
29280
50465
19361
51508
25857
19227
58066
43777
14906
38558
32131
36075
16563
29121
38764
26131
19974
43993
39502
17793
49488
26982
22315
45599
34859
16327
34242
11291
41321
32404
38796
21056
57830
47660
14074
33753
38729
49025
34358
16034
24078
32166
14133
21547
58918
14866
19027
16897
28238
17482
23972
59187
51324
34357
22698
21131
56609
62019
52012
19617
54401
57463
43028
39985
17082
20788
20026
11332
60298
49148
43536
12821
55042
36599
39455
24495
36588
11223
58774
54328
50187
63294
55920
25820
18393
64194
52362
53045
54447
49621
44785
42295
12337
21302
31599
10598
56559
29572
29721
24362
61532
52237
19685
59500
29487
20826
46911
53148
43331
21138
34612
43985
12703
42341
49848
53876
30410
52111
36179
19047
31744
18933
40315
60232
27595
56570
33326
38457
58203
28493
30754
44106
41781
57898
46767
42639
40479
29998
33130
32779
22446
17402
33611
12315
60080
65215
42882
42835
16588
40604
60057
50911
44213
56639
58809
36256
26307
29088
45327
24976
35293
34499
16776
23643
15919
65329
43764
47331
14700
62325
29290
10482
36398
20270
44334
22598
27551
43503
42286
29394
54606
46498
20917
45651
12083
15719
39022
60702
29688
58212
55274
11721
22343
41497
61739
27675
40313
36317
34196
11185
19386
65105
57601
37556
51410
43663
49237
19652
24208
34871
26316
48619
57832
32860
12502
60881
39759
55244
56943
11801
53684
42900
60878
29347
52742
46595
49749
39521
39129
20956
42720
60677
44104
25211
34075
23455
17235
56801
44646
11577
52862
15947
64349
26080
11990
25361
37522
18311
60757
29955
26635
38330
40428
47604
56419
50513
33458
44176
43219
51440
33589
30430
21859
63247
61638
53167
27945
56482
42964
52907
46419
44779
14606
35398
33832
49800
50259
55599
20057
50931
33061
59059
35816
11692
17445
43974
35990
33726
19817
49674
10287
59719
35389
33680
13170
52910
25676
34145
55665
29572
40290
12165
46668
42090
49143
19607
60279
11809
27187
31727
30401
41035
30931
49553
29622
16516
44210
15295
30616
19404
34697
21605
61151
48815
31550
35824
53691
64144
11599
62319
12998
46978
43719
12581
60536
46728
49553
58178
62917
58510
19223
38883
38690
53448
13762
53862
56103
32824
45271
12366
45214
22878
13931
46860
64316
31993
11128
33332
21166
60350
31147
18239
28496
23172
56359
58377
45723
52705
52672
17312
25794
16663
17680
47137
13034
55986
15579
41365
12020
48576
28773
61511
28330
51418
37565
20172
14309
19033
53509
54498
46312
53881
59622
31464
18213
29807
47645
35505
60491
37482
16822
15342
15515
33959
10907
38930
40096
63078
63451
58425
14807
20340
25086
19726
17980
29252
28192
53115
22004
12221
11193
27947
26219
14182
18267
55490
37706
15886
27882
40472
41860
19974
22512
61833
58469
52935
31460
54535
45075
51543
59159
24246
18952
14360
19387
36579
13314
48986
54146
58523
39007
42586
17191
55103
14852
62241
24539
61344
17489
53881
55465
11383
61581
60756
20759
14979
46896
16863
23177
35384
50238
60779
42166
40027
33996
13020
48740
38761
49690
52482
44799
61139
51513
32234
11557
45214
45621
64858
49551
59006
13030
53797
29571
29347
11081
24505
33097
61997
29354
28909
38267
40694
45324
30152
49523
62128
26094
53129
23836
11212
18998
43619
58536
25467
49900
19841
10832
46784
34394
13861
23154
45364
55370
49006
20162
47417
32987
64396
62086
14424
39306
11202
30164
16787
23912
45698
42297
47164
63383
25448
22928
17902
58425
58423
27859
46971
12910
48116
12082
58834
55274
29435
24564
11318
15559
33202
61707
53780
57822
22486
14831
59042
60163
56841
51752
51641
30145
57572
60796
16077
15131
32643
55078
11824
19989
19666
48222
37070
57297
23117
18182
15628
39850
56856
24588
23213
64312
40547
12504
45098
30848
17725
34288
20045
25355
41577
17374
50342
28942
37578
15481
13431
60592
24974
12782
47441
56267
54708
59837
46317
12047
60250
19217
50583
17157
35557
12084
45070
24553
21416
44434
62671
23409
38142
25620
28726
22104
27513
18369
39409
23523
26893
43572
18032
48110
23028
61408
38082
10748
27245
39684
14452
55382
11729
46046
33683
64260
45909
50268
35451
64268
29032
27374
10943
24080
64101
36735
58512
17298
59027
27346
47101
51410
14644
63824
64345
24730
58185
17832
48313
56922
35724
41017
26101
28463
41785
41567
17473
14692
37650
61696
61890
64750
36742
25730
31322
38845
64703
47944
17805
36365
60192
48960
32636
12312
35367
48684
47638
25859
38399
26308
26826
27741
34886
43848
25620
30960
23903
44720
19992
41443
31799
50339
26496
33873
41757
41436
33341
33045
30751
35365
55735
27396
47653
38086
14905
60448
65330
13913
16367
62784
47593
49310
12881
22703
49010
13109
30921
48310
29204
54893
18144
23317
16587
54358
18169
43990
19998
38985
63359
32065
19969
16558
64319
61843
25469
41124
63215
43302
34747
13985
23946
45211
53398
54101
31555
23668
46633
58476
35550
35649
11515
42135
24474
43282
39163
34382
35487
57989
14448
58557
61633
54113
11771
11322
54920
22819
11791
41798
18151
41467
39376
52021
16354
37085
52552
13754
35222
53803
59704
44518
25113
52259
34889
51736
50191
60996
52698
55172
54452
41176
44343
16712
40636
33929
14634
51463
50893
17808
59775
33208
31717
57708
32105
57532
60541
63211
43044
31687
44318
41754
20837
62416
38073
41778
20496
59318
58458
61726
51776
52416
15703
41151
38091
56253
65176
27847
30100
14904
12041
61097
29363
25584
31778
61525
50740
19330
48013
48650
56052
26645
16515
43650
64289
17215
47670
36917
59895
18664
25014
49776
54324
20786
24598
60063
61631
28597
12311
19787
35847
64025
38161
50881
62958
20426
51689
44466
20786
53331
52979
29151
53471
46753
14365
37429
50455
56011
62411
58359
23636
10990
47038
11030
25143
52565
26210
48937
11149
51854
14428
19730
20993
20509
45256
39916
27035
48978
24238
43133
43569
21875
52099
35269
22474
34072
44299
50385
10241
55684
38884
15760
60511
36922
17505
19772
18574
24661
20067
20292
54187
31015
15851
20357
19392
27886
53386
46643
50978
31853
40758
43044
40688
57073
65019
26178
25430
61954
16998
60161
49678
41732
59952
49442
49409
34947
12225
36842
28846
36052
65055
23382
39975
56674
59639
53880
35358
42053
29093
42224
15592
54394
43036
37592
17245
33563
11644
33095
29148
10213
15340
60362
26498
14720
14051
64585
48559
52904
11118
43105
58708
34082
41144
46015
50716
34619
36108
39868
64400
51014
64588
36119
28508
63815
48750
23020
12803
46300
14832
43321
46076
54386
29444
49671
39279
13352
15751
34477
62232
36241
62860
55165
51007
61926
38703
35715
64236
48719
60278
46118
37271
49654
20633
40971
49054
28890
33547
47716
57599
41127
37916
15070
28940
47612
11347
57116
11187
64180
12437
44788
49266
41541
22476
38285
39881
24789
59171
36295
34109
10855
35958
63362
63067
10711
36660
16346
35244
37306
62982
30377
43645
48552
11451
42702
46319
32215
20755
10802
37437
46701
18412
25376
18243
36866
10374
44648
13389
30086
24453
63455
49182
27240
38000
30752
27317
56147
24033
30396
61114
44649
11052
13149
63750
33149
38107
26856
64186
62392
16809
35379
17800
38789
32689
61403
29884
24772
30588
48217
14086
19655
61874
53452
19291
35818
45240
22771
39994
19859
54624
50685
54341
37636
54910
46490
60113
25154
42315
51632
36420
19598
21522
22183
38213
42796
51678
36487
28095
39242
13704
31737
14292
51645
41504
11288
61535
58157
37713
49655
45658
50274
24397
35496
16887
55320
34092
11047
64902
58804
51676
46634
27350
31682
20974
14376
50272
60883
25724
31086
24930
65279
21056
54705
25680
39456
51396
61500
30697
24289
14386
27537
22420
32127
65179
40302
18309
17009
11501
13801
53326
27766
42472
30530
52879
14008
40688
21187
15120
62080
25720
58428
34053
30095
62173
40306
15166
10610
39629
34732
36654
49884
17399
19399
31966
20626
28448
58114
40734
38637
36315
25727
28791
43405
51948
16622
13952
40877
16088
59621
63878
34160
47417
41802
20166
33234
22519
19620
56807
33785
52567
51064
35359
18381
37166
36025
49608
36843
59434
27677
51088
19848
51797
50799
41797
30022
44020
44152
43953
52998
49911
16490
61492
41391
54488
59010
32567
64398
35145
14621
19448
11015
53068
11018
10213
19188
55087
27325
61203
54316
31146
22062
18414
42224
34525
11917
29170
59043
65144
58050
35880
32029
27767
61267
33882
39935
62563
45786
56904
52388
14899
21330
54381
39324
54131
19076
46362
49526
51935
41334
13793
22563
17584
31097
35451
61777
11762
45086
46385
41792
62392
26144
35318
31866
41217
40730
55455
46832
35306
44043
17551
28087
30542
24715
13086
47922
54950
58266
32450
27674
17870
21686
23577
36048
49459
12591
42279
51605
25927
25634
39517
36065
65311
60394
45962
60452
18082
37451
61970
36459
54247
41061
48576
17975
62219
33403
44325
30256
30473
23084
31602
11740
42329
59429
65316
18207
59455
42464
34619
20763
62525
23648
16164
21229
20306
64465
35910
51375
33748
64762
18383
51174
51561
37351
47155
41085
20623
28220
49824
19353
14663
64886
60475
58535
36821
12032
27497
13074
30101
16495
51777
14105
62753
20334
40548
53032
32817
19231
45706
26946
62076
46877
15213
58716
16113
55926
15917
45199
42284
55815
33877
23810
54454
23679
61507
54411
37882
26706
20153
13349
52964
40892
57610
15528
32846
10774
45722
61702
61538
57094
49056
30606
12355
40385
51791
19543
63774
44427
61060
26561
21990
42590
63930
18047
41282
65251
48011
21024
31498
31232
55960
64715
10164
41553
54761
27694
22224
24579
40068
35460
30625
42408
19604
46520
15403
64704
53213
32154
21593
50035
35837
15008
25281
47296
62880
17067
45121
32181
27734
17030
62420
26568
10200
55524
15681
25306
48793
36387
55889
24292
37758
60324
43234
28173
18221
26298
46937
38046
29678
31273
38156
64732
35696
63439
62792
26373
56273
24902
62908
17272
45580
22909
35503
43270
64475
45240
15816
65224
16382
50504
26513
36307
14594
25513
10718
23835
34588
61312
14456
23711
64195
57377
37432
56997
14347
21606
12205
17475
13168
51546
23738
52688
48718
18797
46096
20734
48832
63235
64859
13796
13177
48767
33871
62774
18627
21394
12277
49499
48463
39721
17357
48296
46229
24101
28510
27009
55908
10523
56202
15728
30946
18422
28636
42406
55329
38087
40695
42307
16976
40057
17491
54280
37425
26442
63518
31374
13385
30287
64261
58020
56249
60598
64733
50808
44077
31873
15375
10383
54104
28934
11566
49526
42775
46015
45835
23706
32831
30185
47055
46904
39740
55637
15813
26089
45845
49430
48349
42411
64909
54771
15934
27984
26651
27606
51571
12126
41260
40634
24905
30129
65233
22396
16649
38072
45029
52081
61644
48804
26027
49005
31506
53820
32366
24510
43677
21218
23049
41041
46456
18056
13299
56164
62963
40976
24672
10645
12202
42325
16149
14686
42332
30128
15373
64316
39276
35448
45857
30689
44777
47811
12837
48125
64628
38221
19250
30153
32144
37336
29173
23882
38024
53085
12813
34821
17582
56848
46612
36425
36057
62240
45300
39390
22120
29770
48317
20436
64751
60566
41534
61390
40912
22984
20233
63787
54440
24273
57658
63196
63281
40217
55563
31373
33275
25176
62758
61457
25576
46928
37495
23730
24621
13943
25901
23143
46347
25364
12146
40080
36854
22973
36105
55775
13567
61107
40819
19025
56849
31579
11413
26633
23949
50813
54659
44086
65284
25987
27168
34538
48729
41255
27351
63022
15060
13597
44179
28194
32836
58329
10951
14695
25054
21221
31378
44181
24840
50192
22137
39794
54861
52072
59601
55519
48683
52026
22552
62700
65148
24164
22445
19264
39761
48707
58914
32670
51979
48677
43883
56707
17772
12165
20175
36209
25816
22673
20812
34006
59631
31009
21004
14357
42069
33794
62890
57936
27995
18192
11685
14193
51164
20966
34063
10366
27091
61358
42031
35924
19550
54055
22860
11586
39209
41835
27215
63671
33123
23142
22061
22681
46931
62099
57513
17961
13407
17643
34094
19776
52487
49219
24306
35707
50331
46074
23662
49838
62329
45624
42308
59332
27024
46763
44595
42206
29360
34495
41885
55129
38917
47563
22770
43587
12824
51364
14033
52220
15774
56085
16263
34509
64412
57598
14005
19816
47790
33423
27828
50326
49032
30382
21236
11086
16155
24506
49611
26033
49927
16138
33335
65229
25157
64597
35029
21364
50142
36488
43360
49590
35296
43896
49358
62614
44253
35772
21651
19852
58204
63711
18942
46141
58355
23971
53518
26119
52620
12307
18868
11908
65231
14702
24747
24172
41420
18762
13674
49781
26410
48574
12523
40125
55306
13446
28989
38567
32325
61173
10560
25761
36126
40165
50681
10745
23545
59907
29760
35501
12996
48836
13987
21593
51298
40272
57119
33788
58727
55792
14065
20360
57456
53312
29962
58251
41669
64716
61451
42920
31336
19501
41477
18171
26341
30804
48679
28187
26293
15451
46891
11393
31534
34436
44101
65269
21309
31338
20468
50587
64495
31867
49830
45924
34635
27741
60885
48288
36935
52168
43431
22087
65113
36854
46368
61273
59733
63896
18381
29183
36574
46844
25174
63041
29643
60551
55808
21729
23096
55708
10388
23448
15732
42180
50681
46174
51981
52910
65340
49927
17432
20090
10974
28974
33758
28005
12601
58607
11485
61130
26911
41941
16770
43084
64166
21516
13682
16548
36588
12193
54917
31288
11109
18832
15897
48643
58599
44966
48824
47282
61012
50290
62566
33364
60907
45090
33998
46229
18974
59055
32761
51793
47761
54868
23872
63666
23669
17903
42510
14646
25091
36536
50683
25838
16571
15458
44207
38932
24159
23911
58236
62101
35701
30574
41312
48173
29509
60538
27281
27539
11909
34906
42371
46423
30969
28743
53256
35781
57698
48690
16586
60870
15230
41157
35541
39162
45304
37331
57061
27226
54794
28173
55274
17300
30932
46211
43680
57396
32897
63850
41421
51415
23861
36615
60476
56579
18505
35568
37248
11093
43886
34653
57788
17023
24368
25764
25399
45657
48083
36369
32975
31825
48050
27773
30940
40954
21637
22646
19680
61573
33467
17859
64471
51656
34812
16040
31218
17855
56446
58473
51865
31141
32882
10694
42031
63707
58427
55534
19239
58056
29905
33287
21470
59048
16834
27111
45596
45634
38100
50631
20945
59864
20820
48780
18581
60979
64981
14344
10583
37749
60266
23656
24570
40783
63958
48085
19504
31547
32919
49680
10477
62453
13483
41800
36402
47843
49696
58092
28527
50057
17078
20106
11341
33292
26533
15397
13808
22874
27378
58674
43299
57814
12988
48449
18166
35635
36574
23237
56336
40433
20111
45246
33384
35521
54718
34523
20790
48059
60235
27491
42073
63776
13556
61929
23318
20373
15980
49451
52028
54608
44560
38052
17153
18489
24392
23362
17764
17455
30505
26640
18643
44926
63341
17891
60433
19920
43436
11956
40332
53262
32363
30997
37897
37413
34123
62099
11002
21004
60610
19535
25709
18444
26893
23738
42862
29297
41858
47957
31452
52449
12149
39652
21207
19506
57460
28719
58788
12174
53948
60167
26864
36573
36849
51559
59793
53090
24481
63262
54697
46516
13509
47829
58974
19079
52975
44249
52090
10399
49193
20138
19874
28208
18069
48166
54637
10941
49937
39786
15104
14000
40383
40433
38904
15288
53945
23616
52825
61390
58934
26316
63237
15036
57063
60097
37197
32894
29812
63684
64519
25518
34645
53249
19378
15810
57368
24238
39924
64536
47899
11653
36097
28493
24878
65113
45277
44446
29932
49520
50376
56279
33665
56485
10053
59128
62569
31461
18392
56372
11385
16957
54355
34449
33538
51433
39748
52682
47269
62815
27003
33973
26157
55724
58780
39902
26187
21880
24078
60879
43573
47711
50867
63604
34248
62831
54202
53311
22568
29679
43537
28577
44060
62056
12791
42431
51109
60978
25927
16945
26096
49286
38387
22343
16867
30017
26687
62668
38628
59490
35908
13516
38887
42709
21336
38952
60012
30590
12735
14257
40904
27260
38454
58368
33798
19800
23013
41600
28873
41587
32079
28746
29927
54078
30088
52988
20439
57812
23257
15581
39642
17891
26203
20699
58229
51642
59467
56188
40387
26261
28339
57691
41637
57146
32437
21247
64184
11838
46666
33442
28238
23652
52833
34000
53383
24742
41154
49411
59379
34563
54953
58468
44012
18050
28867
54522
14371
47938
56942
25573
53084
47463
64775
25895
63775
59350
51647
65324
26737
28644
53379
14539
45881
16137
54012
62906
22902
50396
48088
36606
22285
17709
56952
50997
11768
23045
56053
12862
39325
47525
65347
28501
33187
35995
44632
15978
14774
24692
50430
60912
18750
22786
54239
47489
51480
57583
52892
56564
42111
64020
33318
47704
22519
41807
21049
41843
60609
18878
10574
38162
47365
40844
23586
28843
11693
23273
25693
45159
53453
15199
39714
59009
54470
17450
49771
64515
57327
29937
61103
56272
53871
53825
41461
35222
21199
40909
47251
61848
56981
54728
51324
43445
51034
37510
40753
34411
50441
44938
61982
51995
35775
38948
14266
14881
40965
59697
44457
45178
15687
23064
24105
11521
28350
59033
14836
50667
37459
63590
41858
15094
13851
52364
19856
39891
42056
41536
41335
32333
34448
58346
27036
41161
64858
29382
57076
48450
44124
12505
49445
34197
20559
39278
37545
43833
57813
57364
43418
52627
22206
65152
47066
41021
42184
42961
35332
25113
54943
28433
25419
28667
10648
10191
16798
50937
54510
17340
37025
13889
59467
23280
28965
40210
32999
32800
21053
34163
63180
60319
16323
31144
29570
38988
48192
48703
49341
41853
14128
53704
63059
20459
43608
41481
39427
53371
39056
41323
52913
37262
60517
44046
25967
27064
44862
42078
25485
50333
27487
46743
59928
16837
28905
23779
60906
49884
65007
58285
53744
27882
26061
29419
62433
42473
53387
41679
25882
23785
34067
36406
43951
38808
48763
59455
40483
51854
49376
53900
58121
32946
15444
16216
59067
32065
64265
13730
63372
29327
12212
47666
33661
39776
41372
28799
18547
15688
16333
33717
33558
42692
39889
55489
40156
64928
34751
48986
36583
41630
12763
12056
34100
37170
27396
42334
43241
38968
54123
59349
18369
58741
59506
40266
49947
31676
27510
21143
10284
20134
12623
17408
24371
50152
10541
17461
22698
24989
40620
53429
33069
49889
64044
20447
32397
60157
24831
33255
25528
57346
16813
18855
40249
60573
61148
25953
52764
55214
21647
40261
24011
64951
32489
34033
46218
51454
62019
19424
31983
24253
40572
56722
40728
39438
25990
50774
13997
38943
41488
15140
21854
52962
56644
57063
15635
49088
16087
28314
35806
64567
33417
50178
65161
41792
63969
25613
61006
54996
17544
30759
16950
43127
29465
24410
47615
10294
38361
64211
41637
15595
16233
54791
41061
39732
63283
44398
37108
47809
10710
59614
59841
34797
57821
26817
65048
10583
28517
17302
33072
61952
26945
37443
16439
40722
65260
19780
34734
65363
21741
19791
65368
48898
44537
31633
51515
53908
36899
30146
42882
45091
14151
57761
31747
23918
22063
44775
42747
57690
53258
65061
20312
10349
12518
38714
52082
57751
23406
34630
54621
24742
65338
15419
31678
12125
52997
52004
43097
63290
30725
39068
61480
45410
57995
41931
33055
14280
26351
45680
23838
64153
40637
32160
29976
29763
22929
20449
62683
45740
63419
29123
25720
47447
45761
47325
12716
42758
33780
24778
47682
10832
24563
24991
54271
44858
53841
13605
13257
26792
14561
32633
48560
46093
55568
30782
29356
15817
64691
34535
63653
25998
38463
42854
31733
62246
38815
29546
17220
12157
30370
47881
16448
23083
13969
40616
28336
37692
42773
20713
10897
22688
59177
14364
24967
33245
30043
26566
44494
25475
54591
27305
62078
23032
43662
11640
58654
27959
22753
37666
42043
52816
21472
33460
52392
44769
33220
57275
36077
23063
31874
47713
30480
26910
11011
38597
21558
42578
12752
12429
41680
33610
46998
18058
64771
58802
22399
10116
37575
51279
46611
61853
51212
63888
36960
11488
22246
23146
32335
18043
53404
20476
17302
34232
60319
24675
30974
24689
53691
36879
53515
18501
31217
37251
10139
55446
58973
18380
40612
23145
40316
18096
38380
55472
30318
60134
52811
12809
63408
24994
45580
64539
10155
27533
54449
52134
64792
51905
13123
15951
61731
56752
16877
18082
37026
63528
24359
30260
53671
32587
61306
44498
60260
15149
40038
10428
54424
37074
12292
44107
31015
48233
61847
50034
60083
15166
37689
35429
54716
26431
20557
30118
63426
51169
53952
62104
10179
52077
32183
10530
20788
48888
52519
20850
36271
23397
28470
31046
52431
63259
38970
60016
50421
47760
56097
58171
49573
34552
27466
63016
43981
27248
13165
27316
22311
22762
21213
55073
21437
17157
53726
21151
41661
62983
59013
51852
25761
29066
17011
22727
33493
45626
33092
64874
63508
64975
48700
28117
57592
65399
50498
63288
11195
54166
17153
27943
45737
49433
46070
39443
17807
47111
40899
18275
10772
21322
34124
64891
36385
13503
34646
61136
47089
34359
26179
51706
38272
39882
18346
20878
31312
63408
46819
29071
35217
46817
43708
42505
22912
64115
62957
20071
33298
61831
53067
51385
39182
51031
53594
22871
46986
13950
39053
55325
18501
35821
18695
42871
52799
18897
35278
62330
45896
18279
14210
17413
32433
20715
51569
27582
44350
22675
55263
39927
65017
35697
37755
39904
55691
18212
51775
46346
40219
45219
29308
37147
50680
38473
31567
47991
39904
60279
10539
15006
42633
47519
61244
33786
44897
21918
21536
52069
39074
49120
55334
48087
18978
60006
26721
57104
28199
52026
13383
25534
13020
10932
41996
61335
37548
36274
58097
40098
18925
46357
21910
46478
21435
50517
41363
43726
24141
25981
25766
64536
54993
31219
15739
18270
26199
57838
23005
23800
30875
44434
44371
53471
30871
15356
29520
46256
25407
14170
56714
59576
39952
42065
43312
51030
38643
49067
49223
21083
55500
47708
29681
60048
45119
60268
42618
33985
42286
43565
17402
37796
16976
16646
33952
20658
16430
40484
12848
27001
28029
18380
21699
59256
35976
64990
24134
30851
41237
54940
14454
27964
11164
30509
39686
61591
23727
28333
59947
50172
46896
40938
42051
24626
42658
40254
23168
16098
31506
38633
37371
35553
26228
53348
53559
27025
41812
38574
45635
40391
14400
50122
17667
25203
41782
59407
49848
61779
48310
44110
20527
48019
12945
55109
59527
37470
40107
52295
40384
25955
62134
30766
39864
22167
52297
27124
47691
59670
54838
41899
21034
62261
57560
51881
32948
15592
60249
23795
32903
26443
57324
24314
39258
37466
60028
36412
32956
48534
62483
63355
45726
26890
52904
50084
34246
38323
36396
14911
61302
62956
55917
10581
47382
20249
13370
60331
24179
11075
32469
55180
52193
55272
32569
13758
51416
60709
61149
25574
15440
14632
12546
57441
12539
14030
55415
61125
60288
55004
21102
45013
39205
20002
17465
60688
62984
35514
38718
29069
60253
10509
59197
38831
16404
11744
47297
38982
22163
33135
25356
48181
17171
48710
14712
15427
17167
42553
50396
50333
64479
40044
37405
20122
17836
33326
33834
37128
37300
11052
20501
51629
15309
62409
56907
21889
25573
23458
37709
19604
11477
44393
60228
45250
22123
57333
33500
15812
17830
55250
38289
53815
64420
39420
29173
12248
36173
51952
23523
63657
42323
24743
50170
47249
39933
22745
11736
46004
42009
13896
44624
38349
27577
47759
61659
46479
50151
35962
21335
27250
55773
10568
50840
27078
24592
20477
21554
25149
39568
58504
61042
64863
59574
35887
31853
65148
32240
49761
21440
23212
24221
47005
15073
63453
11014
23689
18926
61986
11241
37147
45445
34294
15966
60142
41586
53690
23605
58765
11062
18388
16942
56305
58169
18881
60046
43389
39682
59983
47576
25107
23520
18983
21304
34652
12081
40253
25385
59240
12548
61287
40240
25871
39649
25987
57730
42991
28673
38209
56232
54298
65004
26096
11904
50739
45756
38766
49457
28849
57525
52530
62297
18758
50766
28548
29888
14056
63510
28520
11597
31964
51666
37600
24910
11549
36705
36984
28727
34858
14310
22961
33124
20068
47317
23200
57736
14964
18395
44971
31423
11617
14122
58086
35650
21947
49615
45659
48899
55458
21669
28948
53137
63203
35184
17728
49850
13004
57678
53270
10209
36579
12061
44225
11853
10333
27070
19448
36722
60616
19933
27482
11335
18885
56497
54561
29196
57680
41197
58009
44603
16481
48277
54305
58724
41681
48927
57884
59625
62440
48668
41965
50083
18363
41323
21140
54074
22933
62739
18089
37425
63170
52986
44769
32429
58147
42442
50754
56724
33837
44538
13728
64090
35232
47328
42438
14971
12721
38318
18334
14199
15823
16521
25193
20397
41273
45844
21542
46257
59524
45350
36484
63890
42372
49209
37905
50138
23129
64123
12184
39464
10686
58345
20098
58624
25654
31075
57832
55088
50136
38853
45990
48536
61562
22764
11500
54061
33216
57135
27966
61156
16474
28683
44093
31247
13081
57234
48214
48589
21456
32595
31853
65309
64894
24186
29592
40961
35516
48821
50767
41993
55399
16685
30058
32229
51365
30013
41619
38159
23363
20372
24502
10412
35472
50225
44166
16367
46169
26795
36590
45455
43579
32472
29466
47332
52861
36238
50940
18564
60491
28074
22077
65054
29366
45113
53322
19176
12807
19081
63727
19410
60595
44011
20661
21168
35837
60570
21445
48452
36246
21102
38102
49959
19351
29363
31438
16237
33587
27536
11653
65298
46701
53607
30673
10391
16286
54967
31013
35269
38893
20876
49863
46705
53082
27477
14804
63421
33375
33311
58462
47504
32030
52153
57951
34617
23827
26580
13564
65357
39733
12831
40915
58584
42990
41341
65150
54461
24947
45921
61340
24833
27768
15457
53897
12523
35635
53276
54612
42470
45041
26624
59999
15160
52595
14239
21435
16806
20352
28943
17565
18436
24740
42067
25021
61349
24475
28818
27128
57455
25686
31427
16193
33686
15290
19615
51520
30556
36761
33850
61056
47305
13724
46462
38504
53834
57625
63444
13908
39203
62143
56610
41997
42984
48470
19573
14310
65114
58930
29854
28434
13160
19110
31857
57310
22219
48838
41565
31135
51076
47339
22474
47258
62866
41519
64554
46311
62483
10607
16273
28838
10785
41627
14779
62145
23179
13421
12041
55202
24084
30196
52424
47503
13830
25679
54383
12366
64517
22479
55319
15085
38144
27786
21343
64818
14941
60486
31106
46147
47670
49046
32211
26413
56692
59328
64006
21854
45450
59191
17204
38343
32332
27363
45043
63604
60958
32935
45359
14778
43403
36827
49174
21736
33026
17107
58162
10505
22004
42915
61690
29548
30435
48238
37264
45943
39788
38191
59066
14953
55432
16949
14457
61898
22418
30855
64157
60690
37274
44062
10492
36441
45884
29151
36844
46910
34533
28770
53725
11454
44963
57889
40261
44022
45835
44594
19159
15990
20311
18381
42075
45522
13971
65293
27361
32828
53819
16197
61688
46482
27936
47962
28015
61854
65346
26552
50608
10127
59517
61084
49583
57159
29142
62457
56918
58923
61328
11030
12059
32334
53403
61867
62610
49632
14463
10763
40287
59353
51012
47084
57978
27260
25242
33386
14903
26756
52623
14800
39467
42956
56315
62777
54891
40295
25983
20949
24875
22538
33674
50283
58923
46875
18431
62800
37466
14147
11257
27879
28610
25651
49106
60730
61665
17659
47307
42528
24556
11233
17172
33794
46580
46689
34675
20202
33077
10421
56596
39514
31438
34555
29711
17752
60565
42351
19154
52236
53474
22395
59249
30288
35360
50430
50257
29958
57855
28092
18474
48785
60328
38776
19135
30999
59896
64922
46948
47408
48797
28672
49413
12619
52819
64660
41681
15275
34344
39092
51609
53562
13954
32252
17629
49829
29211
39442
13136
33333
18140
43611
46626
55987
39168
35136
56629
26219
64607
63853
33829
12494
24289
29090
14251
14957
57756
34241
11651
30790
38725
35933
23233
43665
12917
24930
60239
36542
34678
41068
62190
58182
35750
54742
43334
20022
45956
27890
59615
58532
26233
35875
16585
10460
38866
65184
25770
60412
55698
57779
36080
31086
25420
21140
46482
12447
45992
57472
16647
43424
53070
26665
56578
61849
45260
60228
63112
36748
14485
24764
22634
22567
19939
64911
33666
12344
38666
26890
30847
12409
60702
62073
21070
16572
50246
63233
47093
50175
42432
39249
61687
48203
24715
50249
11054
20681
24017
12923
28955
39455
36647
21550
46679
40772
11326
43495
15119
44865
48462
64513
57302
13185
42327
16679
42840
37551
48148
56257
18039
24739
34982
39371
13083
28251
15494
38584
12632
62653
21285
43265
52884
58361
14079
60866
26880
60540
49922
22234
52171
57407
22924
56987
20371
59878
44492
25697
23450
56066
59986
11820
48558
22020
41527
15989
11835
16008
46579
26376
31723
61767
13453
44073
33456
40366
17339
62001
63680
60248
50970
43638
27886
28770
14535
55210
16522
48318
26347
14998
18902
12001
52753
45708
23911
32959
32504
32977
32351
33737
38031
36437
50247
64080
56263
15708
29059
39550
29377
22183
54207
35240
42468
53572
49231
49906
26463
10637
59218
25398
26514
33840
36347
12458
47801
38233
54458
37695
61395
14375
36552
23889
18936
36906
24329
60507
63171
14358
54610
54147
24292
15927
27939
20415
41737
64954
54175
62185
14654
43998
48955
51887
20091
47325
24106
34282
53185
25559
14985
48775
14704
48916
63674
59806
45493
38785
23300
17012
32714
55882
60999
55260
45954
55831
39146
16260
39014
32873
25899
58063
41668
15323
62095
58064
11991
41190
53191
62019
19849
21670
41861
17775
55827
47226
24565
53312
10587
44893
23790
55742
31425
62877
22948
37173
34505
64632
47963
14286
24935
47193
52403
14061
37685
53695
14141
24130
59304
42344
39991
22280
44345
19268
50659
57874
55531
63863
19257
54505
43664
25285
26575
56944
58399
52106
10159
59161
60163
51077
62932
27432
10400
60878
43307
52444
57578
11965
59091
33990
62570
21913
54133
18251
23287
10067
57808
58799
55539
13765
50976
53043
31079
35878
59588
43783
13163
49869
44843
44845
42684
15232
44827
58274
25890
48567
57115
49375
52702
41267
23575
60854
35412
12997
56814
26728
44826
53017
59264
50909
35509
37786
10729
25382
41416
58845
52766
35686
50508
57207
15559
36620
50237
11682
12598
19671
42486
22250
36249
26266
25107
14230
52654
62544
58916
44826
23075
33901
43506
59607
11742
31165
58171
11910
17754
21161
38148
26295
47630
49715
34807
42353
49913
42487
15275
31278
42401
28674
32875
33830
39477
46919
29753
54727
57706
16370
16744
64467
41104
37253
38731
31250
34613
20755
62430
34268
13670
19826
13053
26140
64932
14541
43552
16604
42346
42707
54186
51195
36437
53181
58288
41148
18095
44710
34130
10398
25915
51663
38547
21104
15535
30792
10677
57142
43632
26830
27313
45190
58212
15493
45588
16938
53855
36616
52061
21235
65334
11721
28743
36688
34924
50599
53513
61899
33797
61083
40436
49792
24258
42249
35660
18609
37997
52062
56526
48688
15161
28913
16931
11954
53369
22210
16186
58143
18848
12948
49807
63391
48394
51934
51332
26432
11140
64781
55725
46380
58170
13068
44174
32652
37261
29836
52364
28314
14771
30808
20415
39464
47138
13334
39282
60742
24590
62311
54646
18093
12603
23471
65195
63030
27988
34956
55322
55801
38586
55490
11126
53146
36138
32142
33536
21840
65324
28801
45530
60648
22627
29616
19476
40658
61438
44980
15991
58605
39030
39272
65195
23009
27082
47164
52592
12132
56008
19572
42741
15306
33166
11612
23704
42307
14983
61015
38511
31632
56143
11907
30701
49508
36486
47536
42767
27799
37252
37545
61655
15920
55485
24986
59503
53141
51962
10477
61748
23636
18945
22160
60719
35115
14804
16878
60623
64150
59265
23900
13772
51182
28113
39968
33013
15798
35504
53619
26140
60783
30839
29956
25548
45169
31400
46871
44575
32687
26048
53480
22193
11527
52824
21396
47257
60766
42928
30813
61267
54566
54051
27681
38461
21546
21620
45682
30787
51057
27773
45591
56295
21363
38830
54441
58802
18568
49242
10678
21585
24287
27187
19127
51685
45661
19063
34672
55942
23134
43057
47718
10214
22527
58529
18812
39932
57487
49071
36459
53779
58599
19055
36738
55017
41944
48513
56962
32610
27334
52089
40534
11938
38777
65059
56516
27927
25153
14081
28331
32627
27192
38928
51422
64019
35098
14107
35966
32170
15392
10518
44795
44993
58105
27273
27721
11461
42730
44429
31715
42878
38187
16236
54800
45203
32541
61011
54161
57547
58726
57088
51160
10111
31722
25338
65387
18048
55343
15321
57580
46351
61860
26907
17559
56472
42668
37219
48335
15444
41095
14745
20903
15327
65238
48427
54104
42281
55857
28943
40770
63551
55560
12281
21804
48989
16809
36781
62610
62162
33234
50847
31430
27709
41647
12667
20648
13356
13872
35333
28288
33809
14771
58722
44494
51669
59773
57842
26431
39460
49457
48420
22028
54622
19101
40996
35587
58475
10478
50015
57904
53893
14278
59196
46315
32949
57482
34766
11873
28679
50117
23657
19170
10163
40686
10990
60094
44053
46652
61203
16438
45312
17255
52874
14781
29697
58236
14045
53457
31549
14403
11476
10639
51692
58633
53820
58240
11516
12321
10417
17863
20755
13125
60203
31473
26976
19682
32831
29420
60824
14594
37179
40623
10744
59640
18380
57167
14610
56347
20141
55370
16907
42722
35097
38515
51517
13294
24619
53492
43908
39180
58597
25759
17634
47295
38425
57859
51703
47872
28243
35185
39222
29840
32660
38282
26784
54437
59154
56664
47625
23329
31658
58740
65211
14894
25793
19168
48215
13639
48623
43657
54165
17389
38372
39740
40604
35885
18694
27940
19751
62832
35673
48283
30756
41067
30739
26139
61135
42601
32327
27575
61683
26233
56885
58968
37033
17326
63102
10311
38526
34719
61621
23931
48273
34909
35100
53583
37531
64084
47099
18215
60748
53320
37898
29724
15100
36830
59932
34843
48374
42969
64096
57829
43247
11576
18261
10378
48485
56393
41810
30180
10280
26748
58576
46579
21630
48516
53954
31066
53677
37988
27695
35632
15609
28597
41915
44202
16527
34432
12553
30359
28469
41765
54073
11333
65160
42143
17127
42192
64715
43984
25468
16184
16067
12607
27391
57163
51326
42762
65043
15574
58396
10503
18539
50895
36897
61926
31080
26060
45485
40914
13273
11509
17275
36754
49512
26785
22556
48244
40671
23972
37525
42981
19696
43348
60356
50097
34850
46065
34548
51708
25656
49843
44956
46294
39459
44253
36756
39296
