24472
31816
40576
22587
31368
36232
19392
25346
31207
49042
17352
40558
59861
39079
12123
58096
24334
23809
60336
63905
16387
39007
56430
64308
56107
43935
57065
14455
29064
43944
47815
22208
65097
41145
26046
44496
30521
32066
46852
53134
34903
23521
35624
54799
22940
46478
38292
31789
14424
59193
26113
29817
43787
48568
54454
59516
52939
40506
22216
10830
55555
28060
53406
20939
34671
65213
44928
31710
43372
18294
52826
19387
45742
44530
64710
35929
47814
30988
26423
10249
41501
20261
25665
30998
30859
44058
12709
34467
61798
15563
37473
44075
59529
37986
13112
63960
47316
50715
60716
53202
28566
61744
53721
22636
14971
13627
31746
39051
20777
12404
27222
16103
41460
21160
64039
59878
49609
37689
53288
48412
46096
17516
38146
32352
56149
38107
28873
20020
58135
60307
29242
29101
59508
61639
21545
26031
45250
27404
61288
18264
45190
21672
37023
14699
21599
16199
32423
62647
27900
60386
44668
41930
55828
62020
61223
13011
55399
34824
48875
37912
57333
22763
29037
41531
28843
31544
39073
42033
21854
49168
45785
16644
17180
26324
59122
33123
12395
51914
40727
22889
60141
50051
23930
25973
60767
39471
11345
32208
14561
22961
54301
24793
14613
54935
47719
48722
18916
18800
61323
24990
36299
28765
38576
44542
32980
50513
45122
36441
25015
24886
26797
12002
39454
32352
12047
18065
49651
54708
43703
55704
18943
19177
37594
27567
38888
12131
20877
36936
45757
30571
19292
37323
41521
17545
32146
17852
23769
10925
14598
19711
28274
45196
25551
23379
56328
14134
34632
54275
56476
20972
53761
18428
25547
47828
36987
10506
40272
25642
27700
34586
57068
54864
40613
21229
46210
30870
23150
27239
38738
51701
16206
33496
12258
11008
31481
21311
19685
16383
50135
52057
14223
55846
13159
45309
33624
32240
17769
47091
57150
64503
16416
34859
57112
29734
16824
29786
53162
47302
32358
22734
33186
34817
62419
16585
21528
48667
11239
45323
60977
15484
51352
26662
36280
36837
20330
30812
55831
65313
35838
23897
23071
46788
27750
50235
13791
40041
19850
56730
17522
21282
62373
45408
12203
38817
37219
19791
59635
12539
46752
38220
55097
40918
51112
58221
38173
28810
47084
24575
29273
56360
11506
40767
12493
52634
30893
27171
43999
10273
45641
31009
15276
30626
30937
49041
62392
46689
17917
51279
49100
46858
24927
52643
59754
25425
63094
63435
51445
44999
40792
10513
20754
42971
22646
32580
44585
65065
32070
38752
14274
59395
53834
32126
44214
31275
23560
12537
49356
33150
26421
27528
40076
47217
59101
26490
35907
25567
42796
39726
13925
56722
37559
65239
45274
63039
62698
21784
45037
62400
53680
38125
63265
64507
25411
23144
24875
49167
23880
24698
45228
22908
57162
42981
65278
43051
14451
43274
54963
53201
61856
22865
11386
62102
53210
41429
40595
33256
15360
44886
65308
31553
64950
34128
24374
41039
26751
10918
33532
46783
64783
53471
59238
20618
35033
42485
32905
45423
32576
57364
17113
50687
31008
31981
56120
51252
14766
36481
60570
59550
46888
22340
14384
12444
22146
57678
47842
20730
17608
37610
35788
39041
33376
14036
28157
59349
45762
43147
16751
58664
29463
53916
16604
22618
13003
12115
11633
17114
13003
31024
43841
40177
44827
60015
29712
29668
23034
39781
25998
36955
33374
15652
45168
38237
12052
50307
37913
58594
34080
43437
29290
56875
43868
10647
43637
22724
33007
34580
36334
52606
16041
51148
17479
18273
43647
28946
10417
42114
50936
25497
36214
47941
19218
10140
26036
52380
56376
62833
52724
52406
13800
10937
43627
47022
17951
17580
42902
37522
15457
48184
62930
56550
26292
49584
50212
25841
61038
59695
30344
57735
44483
26612
29404
12753
20784
27624
32910
44632
25687
43579
49657
52068
55006
39619
20965
53948
41444
27018
56735
51681
30764
47299
13378
26710
52668
65385
13739
16457
10699
14292
53199
14807
37085
23705
32278
18093
13377
35786
30875
27835
40449
64953
62221
44903
15544
23070
41084
22545
23383
25387
32953
43554
16270
30781
12896
46396
22353
37827
28468
51423
38598
24916
54481
37345
37987
16304
20662
33186
59881
43493
32269
24576
32223
33255
38412
24635
30032
44068
16625
19945
61826
23577
12167
26989
46877
34594
38889
64661
31828
43075
55342
10690
10618
56429
14551
15290
14337
26007
18764
11467
13129
63787
40139
15142
49729
17903
34917
22813
17193
17845
54167
52153
12888
57715
51791
36888
63073
43157
29270
32416
37341
35346
49572
55452
11656
35015
18184
21119
47581
10038
64279
52145
44123
21473
57964
49793
51096
18869
13249
28951
31121
45449
49165
51655
31963
55204
44476
26004
49505
10458
62816
12182
23463
19846
32423
17265
56547
41357
31724
53183
17912
36840
57630
55559
61390
34688
58211
39424
16772
29135
36223
49894
26194
25102
34247
63918
41846
47903
19906
62364
12658
59171
45000
64417
49013
45546
37239
59962
36186
37597
30623
63538
26940
56835
17751
55451
29367
59206
57675
23991
46217
31123
56183
12354
29120
38982
14480
18332
43994
50674
15424
39630
13075
33298
42284
38491
22643
60380
28517
40675
38008
29064
26212
39870
49494
50648
54865
14053
26157
13500
43666
29148
10400
27523
47057
61195
29449
48761
52069
24721
18645
23193
11174
24948
13176
59518
33721
32043
22639
36841
23104
32905
25049
28995
55985
63866
59893
47373
47081
59277
38806
21781
17857
61314
62411
36154
29032
43341
14048
55309
13203
60687
63786
38097
62555
25270
54776
32388
52420
55529
57920
16631
28998
24176
54673
29159
51779
24245
14373
45690
22235
20371
60175
50296
16573
61591
22624
63406
58721
41064
61720
43241
40413
31646
53656
23993
52549
56661
38074
33214
21933
18927
50831
19678
45903
62854
32316
23274
10069
53869
63982
55793
47568
58914
12531
27734
19549
41774
19168
49012
46563
59471
27353
26742
53396
35768
27240
51689
44256
11562
20897
25741
64884
31101
60393
20071
60022
62556
17460
19016
40169
38598
17823
10667
43303
57581
15348
40640
29251
38679
48447
56372
44802
34591
34870
52771
43661
20609
58742
35920
28788
22291
54708
49231
62211
17146
12005
42244
55158
37398
29090
32329
61517
23308
14682
60558
62601
36930
17742
12217
21932
50138
13235
44716
37316
27907
51407
20010
45246
60953
62048
14021
29658
23960
48243
37215
15188
46625
22867
13369
48358
64754
11018
21068
36767
12246
56654
61976
11058
34468
31906
28754
26197
47015
43774
26201
52217
17515
25499
38840
64832
28273
48827
46510
28336
12688
46478
38875
61899
11610
39163
42032
20592
35941
38352
36641
26249
58935
64066
59430
19579
23990
18453
59520
26716
48501
51291
48875
21743
50773
23502
64070
48641
51031
56338
11957
26311
53492
59723
35987
20916
52947
36955
36533
63977
17365
58899
41201
29284
60923
43227
42642
24788
13484
19031
22797
19221
11133
36059
61342
18210
48368
22430
34751
63662
27167
26932
30101
65317
60640
65157
29114
45909
28842
25616
26118
55117
33325
14640
14967
64446
48972
54504
16380
64622
16065
31024
24502
33066
15686
36095
25386
29927
14062
11507
58321
32820
18660
32736
48002
13658
45511
45738
62613
44477
55991
26372
40768
29796
16995
14639
63356
60495
55203
28884
34258
44052
11358
46114
12693
36327
48267
56785
65409
55776
26447
35879
21104
57971
25835
53677
21915
42893
48999
39663
50530
16640
62898
11372
12088
43745
22451
21609
51309
14473
34162
22458
35698
27612
58027
27359
64659
64497
45614
47398
28099
59458
61015
17489
18803
33665
38268
43603
50810
27238
28925
23394
37636
22091
47636
20588
52481
56625
54493
21768
52691
19800
58837
27109
33376
10253
48757
19092
63295
58168
50028
16278
60457
35282
61732
32932
33518
25672
19061
64107
60719
14318
60225
55266
47933
55524
48918
36716
26005
15824
49083
63145
53161
15569
34338
31409
16194
43302
10088
56559
20605
37242
27809
57157
25408
41095
45566
56200
53498
18950
54285
45594
20286
19891
21317
22486
12256
59386
54407
30969
48427
38362
30803
18953
41061
56402
45411
38668
59226
40383
33095
14723
43814
43174
30559
62174
35592
17127
20888
51665
15354
60634
62426
19874
62411
63133
27143
12360
18835
60607
22968
29212
55173
48984
62259
18313
49359
48402
57609
53529
33894
28424
55203
15751
21229
49145
12269
54785
10162
40286
65348
19369
15662
45739
38204
55929
15411
12445
56317
37154
58992
56402
24415
54460
41454
42614
58235
58952
28420
64789
19426
44897
20524
27884
41219
55029
14183
22506
51956
40498
61452
18170
47352
65101
16684
10272
35187
25347
20000
56074
22697
35150
54727
20785
21584
36264
28624
10166
47817
21127
45107
58161
16706
63915
12112
24550
18581
56203
52468
56973
33263
27622
16420
35554
24228
21850
32215
53583
23984
46770
33792
45942
27579
49657
55046
10357
42229
57781
38329
48378
48973
60932
58618
19631
13094
37294
30760
51079
45383
47557
49879
20487
35545
55150
64674
65009
37311
34727
16624
28766
23702
63630
39398
45316
22397
14821
40140
50133
40369
38961
40542
41357
33080
20236
42378
12689
12241
27471
40085
40589
45455
63807
53703
59094
39417
45792
46382
39349
37557
46920
28426
51449
19033
40802
11354
46118
20390
20962
31629
64017
34558
41918
16969
15673
58558
62227
46672
57894
57888
37768
32013
40590
54959
52038
26028
26734
36035
10434
21151
63912
43082
51057
14545
26544
64079
50369
47153
29099
49892
19878
56175
31728
20371
38228
63523
43426
35680
55170
16438
48762
12027
19295
33711
26579
26251
53821
65140
57129
15370
24144
44147
26817
45599
57264
47119
46470
32550
51457
54724
34335
18238
21005
53852
62882
60117
47989
34663
49736
19658
43011
27107
48426
31629
14677
14708
43449
28121
31583
47112
14066
34010
16541
40166
12445
24602
45198
29082
35732
29242
14813
39805
59134
24485
29516
54489
61546
42421
63670
56658
25192
14298
58377
41001
37548
62694
16605
33037
31055
65279
45905
32917
26876
32860
24468
54534
59348
18003
39618
59064
31322
42218
26871
52879
58103
51547
29955
54441
49035
55910
30883
14295
28752
11216
50170
40492
10581
45164
38255
65078
41453
22914
10767
57496
59386
27103
16388
13942
11244
61822
16036
10459
39896
32389
55365
31970
24195
52392
63746
63278
22126
35517
55706
50990
27185
49708
52687
45857
62649
46484
24357
10464
29516
13756
23803
64252
56942
15390
30724
35595
39225
34282
20635
62573
61515
24865
40659
29683
37955
34976
34089
47357
55472
21848
42360
21817
38364
10041
46578
51211
57672
12256
61571
45149
56181
56594
36076
35470
26509
49494
50602
39371
11560
16190
56791
19985
25912
16715
13384
26482
53926
62724
43639
23887
29949
62865
56884
48420
10127
30013
14777
18129
21418
58469
26000
24728
29134
61126
10406
47225
46794
64650
11008
60097
53519
54603
56393
33854
14947
57175
17242
56689
43359
64363
18259
15360
36131
60589
64405
19046
14328
19712
41309
50585
63256
52616
28010
44289
45992
42450
14465
39131
56925
27902
17773
29497
27366
39496
40393
40332
40018
51801
37712
26247
57017
48632
28935
34343
57564
14848
57352
40804
13975
48510
48752
56365
10417
52072
50962
53136
48333
62426
25448
62655
18875
15046
30825
41015
64084
56568
14564
58233
26096
30511
14244
42955
60812
50469
52552
62855
26554
23416
23288
19104
44050
26276
61928
32394
21589
64091
48348
17477
22047
38990
34732
29436
32979
36475
16163
64440
38019
30122
27789
41309
43734
40442
23039
40789
25469
38010
42333
58083
56979
53312
34861
61585
57398
56683
17766
61012
48000
27639
17512
43236
11770
21787
25703
10339
37740
36240
13005
46999
23538
42905
33635
24014
35193
58043
37495
32123
27944
13356
11093
36071
50559
58497
14291
32754
19385
37793
48173
16431
10243
42859
59350
30906
63000
29612
34120
47436
47666
19265
48464
41165
55168
51730
35452
40967
49878
34087
20367
43422
28301
48958
19082
45341
41614
40757
10591
31481
23766
48939
52134
60188
18302
63477
25128
11506
46744
29682
54640
32574
27211
27741
42010
61964
44938
49597
59137
60403
63126
44580
21179
59820
20243
41316
28931
18590
55401
22652
31539
19662
38215
16469
41114
54583
30102
49425
27659
22571
10396
13805
54422
56840
64410
46154
41010
15522
27452
38074
13186
64139
25785
43344
32359
48276
13751
14193
19915
25582
18239
42416
21899
61061
34514
37902
13210
31539
24406
63653
29352
38217
47969
32411
62763
62816
49669
20241
26725
36701
48343
60827
39216
11947
23706
42571
54768
65403
55348
23010
27522
54023
44751
48414
55645
17539
64637
55442
10210
54078
44513
59317
51385
41283
57379
61736
61960
36166
32483
12153
35088
38730
31993
62409
52403
36067
34166
32625
24717
28368
49412
15961
56314
28778
38274
54464
40087
38132
29865
11250
39899
48204
61420
61610
56733
59129
21099
56083
24075
59922
54127
31367
22332
51101
63344
42589
46599
63117
13541
11570
53455
19698
36093
45418
34653
28337
55765
50317
61388
26024
17065
39073
49591
23623
36642
59266
53450
32358
41952
57960
46958
16083
21165
58083
20932
63393
34711
58992
16665
56406
43258
41487
28531
32089
48818
17238
41993
44873
40494
41635
50091
23813
18882
53664
26893
35443
13192
17387
29754
64261
33026
65379
64329
52565
60613
46833
62162
47662
29483
61236
58215
53707
51635
37015
23075
34912
26373
40694
20650
52654
60777
39705
14138
53927
19366
29105
22100
12160
30876
32155
20777
23090
13809
51225
25270
37511
53157
27993
57037
54336
20675
30820
42004
56238
15533
55116
18681
21950
16129
35874
55284
36971
33229
64654
61394
15798
38966
23606
42286
23112
61358
39477
48052
18572
33546
37418
42559
59498
17984
54657
54408
12206
39597
15863
33612
15511
29387
39220
48394
35214
24721
32570
28815
48567
59923
38310
18044
40099
23114
51618
55980
62110
49735
42385
51541
37546
39982
32971
38726
25500
54684
20989
18581
23510
48675
60011
16778
34170
37008
51559
21620
56676
51643
40932
41653
64755
65225
57963
24414
27825
13472
62092
14457
62853
25422
59532
30233
10983
12659
62428
17948
22583
52538
11945
56178
59582
10370
42438
21782
55281
53792
28755
20785
19451
61476
55446
25957
28482
59903
11053
50175
58916
36767
41609
16830
27622
48983
60736
29469
64812
44224
26678
56906
57192
61466
60934
26647
11499
27801
45005
38113
52654
34776
33129
42254
11891
40458
47604
21630
33140
44136
36457
47311
13420
19418
54183
18500
48091
60542
15056
34004
59301
28194
31315
35657
62236
52115
32979
22718
12781
36445
42710
53178
51504
20429
58279
54002
63263
52358
62535
15470
52372
33472
28557
45032
56059
43863
60393
35900
61376
25180
45631
47821
46205
27691
64240
32828
27861
47866
24200
11767
41217
15737
63053
38842
62679
51572
21663
52130
30372
52377
46405
37333
61279
11628
12511
10595
19842
41131
26947
11666
52178
63272
52746
58173
39193
37815
50023
64554
16425
54192
40570
37296
16921
49802
10854
11881
62925
33405
43554
41880
17434
43030
63021
17900
62690
21350
33040
59533
55615
36962
24947
34425
40429
22656
24988
61935
40998
35581
40980
17884
39703
26930
47262
52220
48726
17355
22991
59842
10356
18915
40738
58040
18101
22937
39025
17769
32117
15066
34015
50151
21287
26254
64399
11113
52239
57785
51388
53508
26129
34004
43093
17624
45374
40672
50370
27040
29319
54165
42575
53745
25927
56377
55737
38244
55406
37564
41422
46345
38805
38810
61096
56968
42108
63016
39083
60281
44174
12225
18541
34323
28851
31072
47391
48812
63589
10818
58208
50550
12757
49051
38076
45751
30897
50802
12617
16731
57664
25004
64288
30361
12380
19234
46065
36735
44932
34715
35257
19979
55192
30458
25981
62057
52313
49997
55925
28366
60134
50785
62204
20945
29505
38219
21761
35450
40729
62651
15817
39640
31002
50189
29509
65370
48301
51919
31303
31821
32658
37735
13236
32187
38049
54128
45334
45534
59630
28127
30154
52696
12403
10413
64289
60303
55149
18072
64879
48981
61038
24811
15946
12969
52230
18486
28421
33826
56243
30305
32090
24143
20947
12548
34639
12424
57138
61496
13410
11507
11871
46343
64944
54388
30851
33503
28342
27622
36436
53830
36395
33594
52535
14587
34395
63027
14839
39128
62313
55326
28264
22412
39920
52260
32338
47930
12882
62010
52653
12308
12289
32303
52849
59443
21073
31659
51057
65371
54559
31662
27300
41138
28331
56385
24556
25840
49945
54453
33446
40064
23286
21266
20142
45177
10387
49709
45126
10324
52988
29669
62042
33836
49094
46388
62188
55349
39528
14536
32040
54491
50924
39894
50034
42971
40303
26841
23433
58452
58827
28446
60965
60304
26317
63583
10804
37555
20171
35978
26682
64418
43046
18024
14530
15459
31014
58671
16389
29169
36266
50078
24086
13412
34088
61193
26551
48394
54434
59157
25168
64823
20133
50451
49574
60946
57713
24710
39256
33818
60561
33096
45040
10357
61822
62765
36811
30034
57450
36229
40246
17264
32443
14873
59670
43800
18997
18530
21405
54598
52654
31637
43474
28303
13159
45230
31543
28152
51174
34187
53965
15877
36719
25641
13138
44681
15187
43398
22678
27115
29562
30917
44524
23309
22185
47162
20117
21255
15338
19054
61245
30910
54471
20850
20478
33262
12003
34321
20284
49264
24233
46756
36032
54739
32403
39112
11179
13362
39210
12061
34666
60289
18043
18249
52659
27869
53833
29779
18565
27492
61362
23810
34927
31106
62693
49515
56554
50945
38906
62769
48381
54785
52738
52435
58783
55678
56613
48351
46205
28205
29545
51863
19545
33948
62283
57490
45197
10945
57268
43300
55395
16258
15771
49296
39584
44530
38340
13506
55307
48750
20419
46066
45230
33981
46189
56233
10893
50948
21068
22090
12690
34587
21026
10231
12758
38303
59315
47992
38332
14349
49117
62048
18545
55573
32632
57487
10136
36637
52336
60101
13389
52424
11086
46186
26297
32537
62888
34297
11469
41021
51104
21298
17914
45297
25667
58478
57861
40643
16901
12998
15677
47371
10959
54845
54275
25469
16490
26759
59916
32102
56110
10166
55355
43853
33810
65182
20647
12825
53307
62308
51471
33613
57119
61712
12507
30401
35029
34244
30107
26742
47727
38459
15036
32339
24425
16261
64270
18686
33333
14152
51599
15660
57271
45447
17531
27045
41843
31478
12862
16875
63974
43193
47659
39903
60133
14355
60178
48898
40491
44401
51837
17149
57054
26012
58618
59829
29822
50460
12132
18217
14495
30921
19101
18945
16444
45010
21367
28155
44700
52624
21519
30557
36403
60311
42458
30798
57837
48512
44679
56937
41838
35809
11485
38027
10311
17879
51810
16053
33184
47094
58890
40450
46151
10982
18749
27336
46845
26638
47683
52964
36047
35477
12971
22528
28507
41469
11525
59599
28148
32404
25255
43848
49872
37617
34004
14642
45566
45446
21914
37744
26918
54501
56112
31822
17188
11266
40730
10701
62637
18970
41354
31753
42504
55088
38812
40950
37631
48102
24357
58368
19694
29458
62341
17105
37321
21192
23363
30548
10342
15524
49257
18912
25501
23812
35484
12925
44576
21242
33059
31620
46240
27065
19395
57776
55588
34620
60601
16008
26291
49219
52809
10694
61135
58711
59288
13671
49392
47375
64461
12891
27369
57786
45261
60423
19866
57607
25234
34613
39717
45757
19870
53609
39215
31013
46264
13185
22474
11411
50036
20537
34936
61951
15380
40805
27614
15638
56217
10588
30198
18369
33138
11409
16891
58996
36517
44105
25707
58956
61652
48131
61891
48125
43252
55725
12799
50243
53587
42751
14116
64982
33493
25142
63913
54297
64966
61440
23554
36709
18558
25974
27405
48541
36678
27257
32701
14452
14319
48196
59177
43754
61819
39398
24823
46060
61055
13496
30931
54636
54930
37778
46191
56978
23819
22041
30124
23262
46865
59598
16790
33798
48538
44759
43745
33657
13994
51457
60456
28850
40371
42303
30054
32326
28786
49283
60900
65114
57235
18647
41009
13301
15525
20735
48926
53352
18662
56945
11839
46936
20450
12196
39886
61886
51763
21556
39304
58045
10555
12814
49108
60418
37602
63546
14258
64455
34431
47406
34050
11478
58625
58310
25557
62747
17936
37692
55574
14334
29721
61478
25514
52236
54677
62325
42766
19341
10384
55526
18684
22767
45678
27982
10082
64704
21147
48834
28100
45482
40344
27064
46291
43823
45271
13657
44526
30799
62480
43142
29025
37666
59590
44045
29127
40645
49593
19652
50225
24938
15617
16513
37318
46662
14935
45526
27789
57028
56819
30411
25864
23859
14251
12060
29993
32180
44163
53724
64875
56856
39939
56442
40592
26013
62765
47784
23379
39935
58032
50774
29713
39300
41623
15053
17349
39297
11073
38391
63192
10502
56746
50482
24203
23451
35896
10257
42759
59321
45187
19813
42686
12056
12955
19710
34595
40275
32478
30827
24962
44395
64078
56728
50118
22213
56780
20512
12532
59443
10827
64707
12323
64098
11464
52908
19060
47848
65266
18195
45025
18684
28916
31480
54576
37601
10755
29297
26246
54212
29572
12514
39409
54379
12789
34149
39623
60854
29404
33614
53448
60473
29251
52576
47006
18233
13461
12325
13402
46233
58764
24840
11906
27040
40557
41101
41085
39972
43638
63609
13941
56358
12411
17570
20777
13618
33867
20327
33717
31298
40526
39803
26504
58275
14985
12817
38371
23065
31083
15160
30963
50777
28891
34564
44294
17221
56680
48230
13040
33040
21895
17556
31715
15338
64247
12280
31090
54446
21018
38663
26271
46742
33934
15246
37817
41788
27758
40617
65310
57843
11808
16329
50706
46996
50916
24283
55288
57068
48364
55613
49467
26676
63163
56188
37687
51861
45097
55358
25609
10779
40812
48857
57001
24855
29839
24180
26917
30143
16935
24169
49823
65096
51256
33848
55390
42668
60212
65157
42335
11014
19243
50323
55825
51610
29159
42124
51219
61616
38700
35787
45591
43989
40914
60383
19810
42455
45856
22135
32649
14860
35783
35988
12584
50429
52791
26761
13422
32421
57383
53264
12182
18132
11193
12438
40276
63792
37094
52559
49281
37462
40665
64677
52915
50080
63578
16085
28481
28352
57196
29694
17410
22252
35310
15685
42725
51375
41166
52378
27496
56774
61344
64673
21359
11873
39795
18657
54172
22528
21972
49733
44557
18603
30505
55059
58869
18252
59417
34979
15689
12623
58864
33525
59989
24389
14020
45668
24860
62830
46048
32752
49028
33428
27903
52080
15864
23681
11973
31383
25246
35212
46813
60547
52207
27814
56387
23249
29460
11402
45697
15744
65071
39308
27377
40807
32620
11957
62931
60241
30463
35188
14768
37072
55790
22194
14624
48304
35221
25173
60611
34600
33748
36282
63100
52153
37373
59625
14654
41766
17475
59046
20161
46861
59942
23307
54662
49983
42315
19288
62096
24339
31208
42283
40675
52202
22837
62704
50755
35054
36146
46889
53939
62067
41642
54002
54978
42059
12347
29287
55046
14403
55588
15876
18385
62174
13123
58119
33017
24878
38716
12880
24290
22448
10791
19982
12648
62062
35281
15255
53931
29930
63525
27240
35867
18786
34104
41401
15410
42559
18353
23437
15941
46328
16684
30164
16983
15862
63286
10807
27745
26558
45199
42761
25395
44639
48116
62982
35399
24206
20681
55532
28667
11951
32407
23842
36272
63817
23222
11154
56639
37322
59017
56338
34928
53685
57606
41661
45117
21387
48430
63708
45865
64882
39138
11035
18947
30551
28666
42935
60439
60575
32102
55562
35831
47296
50810
44984
34853
24977
62000
37463
29517
17271
52109
44977
34981
15224
35742
11277
61619
56094
21667
10128
37145
47023
27358
41323
56995
58641
50542
64586
45535
28852
10093
39129
37318
46947
38090
22151
57079
56074
59707
60521
15819
60141
20832
30824
65206
65423
34902
14927
54790
20834
18264
16179
18068
62201
21026
15435
43087
24367
30560
25019
34894
45080
51836
10152
27607
57789
33576
15706
53259
14900
33488
29396
22286
34246
58134
24297
21306
20491
44384
26793
15358
51365
41408
37373
55947
12158
46836
51831
36674
39501
24964
57972
12162
29635
29514
47689
15690
55528
15958
19924
29541
18854
32913
12801
58357
28214
21981
56592
61079
14713
63556
19378
24447
47265
59203
44272
63469
46577
31243
10072
58902
11288
21930
46674
35873
55624
32570
17997
59987
22360
34028
43761
54967
25957
10391
50841
23508
29223
21757
44481
22427
22947
24733
28903
62423
11388
60211
12833
30028
40360
36235
56582
31529
40014
46755
42220
14128
17059
38678
26795
30988
26915
60415
11420
50622
52918
26430
52406
53538
41119
38749
13321
31307
65308
13459
32422
10244
41299
57026
49268
30175
28929
30187
20034
32709
14072
14886
14611
60727
11229
22263
39189
56888
47577
33988
34412
54536
60033
16940
59078
61819
19646
11596
23331
52130
45744
41222
11257
59191
25929
32891
25648
11884
42929
48334
12475
19093
47222
30043
55737
29305
36265
54082
61921
29369
59546
61847
20979
53211
17017
15539
15544
15053
41824
62636
58857
42421
56577
59129
35684
62680
10424
40021
61394
61885
63309
59143
27087
62219
64303
34827
42790
51499
24167
51685
19869
13307
60974
53647
11647
63631
20975
12956
24201
29780
17365
47298
20392
25486
48855
63647
56517
54992
24682
59993
45465
34809
12940
39037
12241
47379
16233
59812
43467
25099
12240
13666
14531
50421
11042
32748
25611
23755
47792
32781
42615
33147
29717
27460
44426
39622
50564
48293
31097
45436
26721
63749
63814
29825
15289
43248
27524
42503
17195
58213
56898
23831
40477
58781
19917
57342
36491
51266
29124
31543
10499
21388
10098
11945
48328
28963
56810
23756
33978
33122
44682
39204
54926
12909
42347
17529
25229
28402
59210
58499
65062
65331
12666
32082
29243
56569
34259
14122
29220
62043
36210
54517
48726
64844
43691
12809
47421
59462
58046
33908
16189
33760
47204
41626
42862
42253
13943
62773
30643
35899
11165
20401
21416
53055
22843
40145
37081
53148
56022
32055
63880
63068
60624
57085
58630
46373
10842
42213
45954
21211
20300
22624
45434
33696
53248
26849
37927
61265
33902
46015
13972
33123
24358
34059
50516
46478
26538
37239
28151
29516
25635
43469
32021
17465
18587
57908
34115
48935
23451
63244
57661
60829
53226
40335
52650
23244
50393
20242
15632
22856
48552
58996
64264
14948
27910
48842
11485
25288
48744
12666
18657
51102
44425
57857
59050
49492
49463
38299
33688
39259
50023
13647
40400
34948
13785
11992
57023
46223
62130
40835
16475
41781
53364
21227
33823
28466
25459
22527
32318
59490
57080
53728
46330
38704
39511
13844
35543
61087
40474
19065
50913
59933
56839
24735
35970
52264
50156
12870
15301
25868
20259
27908
60316
63875
53949
57283
55103
11910
48140
44810
59883
19691
38744
56482
40710
26158
24571
32739
11267
34496
62137
45795
26645
62099
39559
34916
44731
17193
17651
63992
41850
30352
12764
35282
56013
59771
50260
50315
46972
23517
10826
54650
18473
30638
61932
45545
43300
12852
13989
41419
16727
57472
42939
19150
53532
29570
46053
63160
41074
43919
36000
11456
60214
58753
51313
18697
20454
25375
23192
18616
19721
50786
34572
33584
21952
37877
44236
59787
29137
14347
18796
49060
11522
40333
24447
54132
16783
55013
57103
31100
60971
50305
58040
28126
65057
57986
56984
28480
41315
61482
45604
17122
25081
62711
10563
55001
37108
22502
47131
33460
13513
24942
13342
59611
30809
43863
49996
34053
38391
35855
17618
63115
25213
53735
48313
19955
36556
51771
62433
43131
17044
62615
50075
26760
55220
26935
39764
42019
28058
54310
31504
64158
58518
55616
40594
16549
52404
36130
23235
20766
63998
16260
14892
42936
39851
46257
60067
40378
44944
54717
11236
43418
57191
31859
53121
47438
59474
45367
64800
22552
56216
42349
26519
52601
42566
44133
32315
36553
30926
35607
47829
23647
15346
21855
17249
13428
36250
21791
30629
46314
15677
60568
56749
11981
64855
29763
22863
61195
45118
14905
16466
60466
64903
35328
44715
16501
50163
60711
50658
36714
30629
58504
37566
35452
51940
51794
10651
22816
47255
17267
44921
64072
11248
13886
33822
52393
57705
48166
52625
26985
14455
41687
40012
29380
20644
31406
46848
45133
26404
27394
33086
63753
47499
34170
12225
25387
15347
39484
31621
59561
31902
55890
22156
61307
30621
38320
61030
48309
21904
28281
45326
13428
24360
42639
63237
12854
27300
36288
12566
26579
61730
52758
60710
29367
15132
26091
61731
63098
19084
16092
14973
13521
36676
60973
41224
47827
59928
44546
16334
33038
21139
22770
23738
16635
12999
57719
25315
29516
60003
48725
12839
14363
45565
33576
59085
39721
35490
41372
35252
59096
32770
53794
23690
40963
54089
28696
59561
58420
45952
16383
60730
25508
22686
15149
60588
56233
14829
28100
49862
35870
42041
42068
58121
60546
54602
41232
50406
39426
54043
51334
56923
35946
42443
56733
31925
54036
16160
47451
59859
47145
19144
33410
40391
65328
29070
58014
43795
50922
58307
63736
43054
30328
36796
24293
21625
62301
45970
38069
19627
24078
52616
39019
55482
42200
12341
12222
35170
42368
30388
41930
15441
57796
16799
53501
27468
48283
30425
49824
62654
26954
35450
45294
36497
13360
34569
21342
47714
62585
13742
56531
10299
39796
38123
36238
33127
21235
34864
40445
29172
13024
25768
14992
51643
16932
46708
56999
62383
55004
49212
46293
31370
53122
34183
35493
32491
29059
54483
31767
29453
20064
51060
18161
51837
20696
63153
32878
40036
26538
17594
14354
18328
18538
26565
23344
40491
35469
62058
28004
14776
13381
42464
62178
55518
60960
54673
52326
63717
62762
21554
27616
58486
55219
13542
31352
36202
51043
33583
24737
31178
19624
43951
11725
57173
36429
16573
53975
20604
19005
57314
57154
12995
16554
50658
46140
48235
58623
46344
15021
32559
13921
42992
48192
14807
62346
49002
17050
11382
55658
59889
44228
38384
36440
22776
18625
48266
64882
39961
53623
31279
58534
57513
46838
20525
25871
57206
52644
16097
11057
10429
39367
20206
21389
45113
16356
56613
10675
36547
24309
10248
28447
14795
64910
55118
42410
28732
63618
41397
54251
29650
10753
54289
51578
62260
29058
40125
15077
16983
60608
39549
60235
31132
15919
10284
15974
41034
32050
15493
28978
49695
24391
43437
62995
33479
18650
48589
34025
40563
23663
11713
38436
23652
11349
36593
63693
32421
28828
10310
47421
40574
50483
64267
29257
28763
21694
38074
36953
62692
18934
34171
10540
48326
22692
28908
10791
38310
36680
24361
26109
33611
34630
37390
25373
54015
32019
64886
13478
31406
24353
51426
20722
23574
48042
37403
14853
19201
58142
59365
26243
51783
38488
35074
47622
31154
39374
60841
51760
55941
25591
59310
15455
54476
39132
25494
54751
22312
12990
62075
39002
15484
35494
42313
55633
26181
46255
37894
27105
54648
11734
25150
37084
32326
32913
64614
64323
41294
34986
37417
49000
55066
20317
61702
48483
19145
23651
20198
19708
42322
65118
57047
35734
54586
64297
24735
33818
35810
41498
36631
16694
65065
34540
60592
45375
50937
35589
15029
41822
32616
41547
24688
46146
55269
20935
33730
28336
12089
25490
58677
29323
29741
55529
64296
17932
39645
42185
58809
61901
35970
60411
54178
17771
37727
53744
23087
12088
22619
23876
56331
17019
35616
48251
17124
50579
29646
64978
34862
32265
58993
32660
30047
47543
62696
62552
21721
25945
59737
48441
42373
26648
10867
44910
36638
27589
57614
21478
32262
19006
51125
45676
59196
52534
38309
27367
12652
23186
13639
41373
55688
42993
22625
65027
50340
61192
51331
61653
60120
46370
56575
55734
18730
57819
13103
43068
16957
45823
25738
11815
18147
26235
26583
12001
63852
18003
26698
48178
36165
25128
41530
12320
12939
60825
29940
59855
64926
64204
19249
35315
62521
42405
43808
58305
61044
62335
27154
22731
33010
17202
59033
11375
17224
38486
59823
59866
57489
47905
44485
29364
20459
22941
30537
12626
28879
39151
52557
45488
48354
52626
26159
46030
38741
45984
40929
46957
63257
51974
53609
17579
60281
56575
19643
57871
51117
54740
39430
19425
58264
59133
52391
19592
29123
52737
12565
38809
20019
32353
55691
43590
51550
25023
23938
32081
43952
51222
25714
12686
45194
23155
48453
41712
41422
12844
42633
64433
17521
56257
19212
13497
18577
25155
65085
35740
57432
41824
61784
15673
40547
12020
46459
35024
12697
33823
19766
46017
65053
15851
16906
45191
41932
41609
32316
45552
53845
46981
59158
16657
10731
55856
23505
21345
30366
49164
56934
30065
49261
22260
23817
28743
41007
45992
54882
19842
34790
52013
31933
23075
12288
59155
15168
47688
23348
26603
30074
37265
38148
54923
12827
37142
16187
21654
36783
16845
61523
32826
58340
39422
31600
41238
25304
37495
18463
12813
29325
53537
40642
24326
52089
34754
57964
15901
30204
34160
46148
56916
60140
58323
29125
40187
26637
24857
54201
51704
18774
22397
29309
41864
12913
57491
63521
28573
45838
16954
25236
26674
60223
48932
59261
10308
45353
33272
13867
20406
56352
32489
58292
15100
29401
16806
26607
19784
34104
36573
54548
38671
60506
13636
21131
50283
27468
20366
54652
25218
11832
40587
43061
23273
32491
21121
58328
53517
35053
52270
36381
12231
55043
11109
11484
33591
21422
27220
34948
12626
14085
41648
49941
16650
65419
23778
23304
45297
63162
60670
57278
43065
61645
32488
13461
41487
44044
39220
31751
41467
45403
16549
38298
42985
39235
18468
56453
19793
51415
22658
63508
52521
44481
29280
15395
55633
36965
38310
10205
57681
61088
32770
49680
36425
37326
51003
52767
63948
47191
17449
24231
48716
43096
44579
42958
45591
26232
38131
46898
32894
10942
21971
64452
28965
41868
32070
37721
64831
60379
36902
17357
12776
63383
61843
23860
19465
52555
51011
35537
35656
61183
45309
45375
19078
15839
21779
16005
61575
41105
32983
45699
60509
65327
52346
60451
14093
22396
41670
35664
13751
38743
24832
58453
37451
49412
45924
50912
54199
55857
35488
54387
61367
25552
16417
47199
53355
39079
48996
52654
63156
23915
38317
30703
64810
61801
53088
43442
48482
33570
18962
59710
33985
50226
55764
44843
51005
38441
54698
64663
11015
12274
62892
38152
18843
45693
28000
55494
48983
31311
16802
42086
44322
15288
46904
46022
27686
55110
10611
46496
46329
36116
11060
41421
26399
23015
21445
31326
33331
54457
27172
55414
62051
64031
27446
65053
15261
36997
64017
44319
60103
31428
49163
51264
15580
32744
46850
26518
24987
49086
25251
62267
41223
37175
31715
10317
18647
13481
54421
54231
64722
17971
19312
65233
43228
27146
48885
28183
30270
34127
51086
55456
65283
40060
38246
63542
23735
37254
23003
19215
38710
22918
57420
61494
17946
14624
28116
55298
16207
24770
40639
57999
30006
16174
20746
62340
41058
29686
57863
45505
15468
32838
21032
64098
20667
56269
35696
50111
51189
44660
17210
19738
18750
60179
23020
52099
36647
40273
23979
47754
62472
64830
15747
23936
59987
54930
50524
39428
62591
61847
33595
43140
65245
15180
23625
52693
43498
14564
37930
25287
44912
58629
44195
22672
57103
57608
57786
48946
59452
37190
19027
24218
34820
33931
33199
21343
60026
65159
63354
53791
42311
49559
63734
32752
29410
24836
15916
44610
52345
28523
14462
22006
13036
42924
10588
48337
29655
30247
14139
49675
38884
41634
37495
51299
34833
41983
51711
20804
39302
60565
42572
21950
49392
38559
21422
63558
20729
37491
17989
28719
26222
43214
50365
46785
62682
16644
51858
63749
22360
41040
45063
32866
39725
55758
15317
52659
14830
14376
43059
26582
32671
52575
33009
11429
65283
55553
48198
18636
37247
30367
61354
45704
48953
57141
40482
30915
15304
44604
15245
44065
43817
44781
54999
57150
14253
39427
27610
43557
35744
58397
48539
33038
27299
18155
55220
21311
25909
35807
32783
30521
23871
50128
20165
18030
26152
20183
16532
54544
51663
35124
46921
21160
39923
27557
59492
20750
57133
58666
54897
57406
33057
33420
32438
18639
37499
11827
12886
19672
16468
58484
48667
12821
27155
61121
27511
49300
20468
56222
49328
12331
10494
27637
55560
11938
24611
29165
65124
46017
13010
10272
25370
29405
25889
35245
12107
40859
10901
33564
52159
62866
30750
44200
44495
48222
27603
24527
43335
10454
45772
26814
22605
54523
57915
63934
43313
33453
19670
23233
25580
14828
40600
24797
55946
44609
46613
21171
37545
57488
20716
58365
44507
28664
52036
26020
56714
15715
65386
29793
27849
60217
36965
35897
10507
29525
55684
30577
26928
26745
52926
48563
26092
41497
49899
43699
23998
48766
63083
52535
52131
49344
57549
64297
15039
65106
16615
16565
16324
49268
17378
18104
11277
61570
63694
41345
23692
31042
26857
19251
43189
58186
42621
50638
40000
64419
46808
56901
29131
55314
33815
54019
46335
56696
25422
59014
18203
41280
25714
36286
11252
28827
10851
34570
11780
19724
59948
38725
21295
27932
31175
58526
62620
23488
20659
12904
26321
43340
36277
33665
33930
27830
43272
33626
17666
40010
42935
55952
33175
63163
47688
61204
20330
36582
45314
62744
10364
63607
58598
36440
23567
26471
54684
34720
52570
39727
58811
27791
10419
42907
56983
29170
18169
39064
62902
14334
42868
19169
49893
61305
64538
39390
54347
40789
16311
27264
57161
63276
29598
58642
16910
10262
45963
57184
51043
57697
65403
64160
52276
18040
24112
50044
26567
37900
14662
17110
43352
42144
16869
55637
21656
29480
23388
37833
32434
38653
38764
60476
28442
64204
25401
22223
17803
45210
11306
60914
33533
32163
10685
31931
36421
57611
39521
17421
16813
65210
15662
44600
59846
26964
43913
28136
58965
62495
21213
59388
44624
27306
36447
54495
19949
50179
54809
25962
33999
51527
17920
12307
29608
54190
21173
47818
63297
38513
47075
32316
45418
59662
27470
55164
54019
13516
36997
64889
43212
33956
63039
54113
27984
61129
32374
45463
25771
11270
61325
58444
23553
17638
17860
26930
12501
36735
63214
23219
22664
36225
33881
27005
29594
58529
56109
13641
43059
49921
57407
26152
56228
54654
48472
26889
34868
55993
61516
11519
11838
24189
53754
60670
13132
49902
37051
60547
13448
30113
63807
46293
16394
42669
22149
14934
40487
27257
12541
58818
53373
24510
24073
46353
32632
44790
29652
19498
59215
52504
53542
23782
47981
62114
22983
23127
40620
11236
19378
50743
24771
28771
52831
45669
16241
41261
62967
24137
52103
15758
36696
22049
51055
32745
31183
47129
20624
34652
39232
20795
58619
45379
24460
25670
30202
56217
50500
38599
46060
17006
50464
41593
61063
43761
64290
44978
49630
34022
13526
21232
62097
64110
34040
52323
29080
47920
16477
39693
50763
50462
42095
59496
50389
40583
56763
49833
47098
51139
58739
54867
42139
60791
58064
10999
31694
39452
28888
42349
26078
48534
55536
20349
16624
49836
52489
14748
22512
21444
45533
18221
41631
31125
21425
53881
40520
17118
44679
27413
58807
24744
23517
57782
49164
63311
63253
62157
26202
34410
33365
49915
58134
23066
50590
54004
46002
24674
51672
26410
45740
48227
39646
24833
21446
16496
44617
46355
10200
19858
23794
43803
40228
45701
47430
16137
58234
25885
38408
39714
65403
58986
42433
15375
11263
58713
44495
10585
37395
58895
19346
63698
37088
58938
47875
48044
20736
26317
13351
17036
58730
28495
31957
23852
23401
13610
41351
44177
33941
24258
61670
32513
37153
17178
23782
19443
57732
46809
65217
44215
54722
50642
39545
41351
39227
36035
64427
31007
56885
35961
26891
12616
51115
64911
62970
39199
58227
13068
52954
24631
57335
57859
20711
64900
34888
24078
24321
12151
38884
37495
40524
45430
36403
32827
62891
45203
20820
34672
11906
30697
45966
41412
25896
29098
29204
24393
14207
34077
11351
57819
52825
61373
38306
43513
52431
46683
26826
64815
24664
35620
49075
44726
62652
39777
52469
57494
62073
19249
45095
21961
14817
20314
22193
62672
58637
39074
58904
47826
49119
52359
54895
19288
46361
45821
52758
15409
42806
50653
43593
35926
11297
12814
38507
41130
50379
16725
36308
64356
12727
26976
15218
21996
58176
15868
34669
57628
26041
20289
20994
40306
42469
63503
36211
41490
21203
28667
62846
34527
23757
54827
52143
49628
58797
26879
30801
62605
36986
31554
21117
43841
10289
62954
46385
51573
42884
62921
11696
58993
34645
43721
25616
63284
42396
29892
27431
44040
12723
48737
33560
18205
11449
54116
19306
64081
55261
26278
10708
53329
62364
36161
21852
49173
35259
14386
19184
57214
37766
64086
24976
54718
63725
20335
45777
12892
45286
17602
35352
12806
27556
35446
21729
29932
46123
61160
34627
44233
53567
15119
22972
25394
13101
46114
54587
32203
23670
16815
59721
21153
17420
31291
18683
58937
40699
17936
36930
10522
18527
14009
12210
56821
47746
44832
41211
18692
39935
14007
32055
27166
10262
27528
60594
60343
57263
28086
64637
22381
58987
58717
41311
27854
37845
59612
20204
44732
32256
61544
19218
15103
46528
19732
40992
40985
26916
40617
42866
37411
43070
48273
41773
24258
34183
14630
56711
25371
52486
58339
43124
55813
25678
35703
42795
62154
44532
47417
41315
35819
19466
34485
37292
19326
61019
57710
60651
20212
40749
62487
10946
32864
35357
59259
13809
47591
18932
26256
42453
29176
54627
63073
64242
32624
25892
29582
56073
53220
61667
63636
60941
48725
39717
57292
24202
10250
47609
21678
42157
15080
48635
34725
24272
24650
41461
45063
47728
53039
33498
14707
21933
58858
17661
32750
36829
24792
53605
50555
61458
21716
23495
51604
11611
57803
58585
33151
47245
58075
40088
39644
52125
64295
46292
48652
35520
22150
46879
32722
56715
22747
61028
36920
26296
39759
60784
62380
50323
36701
12528
23767
55732
46582
32601
60408
32968
47225
42245
65259
27732
49177
21734
41516
57750
23995
49496
17719
30160
14258
55294
49747
62804
13677
52938
35647
45167
28109
17108
28354
41493
32602
38862
13988
15803
36747
43779
46300
29091
31083
32598
31934
28586
54428
30032
64525
53780
34604
12875
34613
54314
42090
45310
57607
11064
41496
62340
16274
47605
36095
36037
43268
27625
51884
27731
46616
51027
63177
22092
35788
35466
62880
43092
42902
22699
28381
36044
58997
38290
16888
12049
48661
59389
17811
64944
53644
26420
37987
46617
25006
21186
40661
21729
36413
35634
13874
38007
25258
44863
62441
11973
10136
31274
38562
28368
31239
10532
54169
55258
11021
19883
13561
56848
35822
44947
28256
48228
60736
42436
14415
24391
20714
22361
31939
30513
33334
18346
33351
60601
36724
24524
57389
52737
13845
22839
60048
50215
35382
28949
47128
19157
50994
36135
37874
43983
56104
46366
65023
10127
21871
46758
29533
32166
54795
60600
46290
26146
53019
54740
62755
31035
50189
52518
49707
12281
39070
24676
20073
15766
19703
30225
26973
32843
32792
32556
55859
48460
22093
27582
30384
11935
49525
64722
57537
18153
61026
17072
49736
61809
15477
47219
33292
23771
36160
40319
14268
13986
42786
54721
32615
60923
28348
45423
39280
41900
40864
12733
65092
41795
64051
41614
57786
28558
29623
47421
62435
37266
27605
19042
64224
23463
39972
35709
60971
19433
33071
63657
44348
52722
15923
47892
33771
41549
61917
47164
34599
23094
35040
54420
53819
48011
48628
31302
64665
31671
49495
24196
45190
64901
53893
16090
20432
45404
55503
21139
61410
44534
16379
49539
45393
32061
59817
58006
21490
59128
57776
35552
17497
15729
42373
54413
51232
15657
46381
37958
26225
37353
27027
12862
45517
55890
32883
44247
43179
49196
63230
44369
45167
61114
22115
46981
43742
35650
21819
48445
37019
35516
30066
47649
55487
34539
53415
48680
19284
37012
64785
54873
22026
22304
20794
52991
20195
16221
24763
35135
41875
58505
22311
43014
53214
19324
36768
62354
54553
17463
49827
32055
26864
29878
13925
17676
22892
26439
33376
49331
51688
32303
34705
49366
62400
29291
30449
52210
27733
55950
27919
45136
56923
33607
30783
47511
26323
18846
45459
64433
60597
61559
37103
11179
34838
42397
12592
24580
17967
35442
13047
23073
41358
17936
44363
59932
35436
65003
11212
38769
20206
47278
16132
15796
22830
38867
26968
24145
45841
45865
64210
50170
41054
19062
56857
63340
24301
50122
18771
40278
52673
15092
61478
50331
38240
55120
17085
30092
31462
41769
44251
24131
54337
53078
48966
53352
45890
49591
52270
17358
58463
44887
25867
56507
33879
36259
59081
61818
38356
18744
32516
10133
27492
28358
33470
22827
43053
34602
13061
53602
62057
15879
65112
44569
16074
38913
50765
62234
49796
21354
54445
41301
59786
53074
33900
16736
50628
30585
39510
61621
62556
19005
24128
23688
27059
28575
42483
21301
49259
39208
18504
40193
47559
59365
56225
12539
14254
31757
37516
14787
16906
15913
39093
22272
51769
11653
33577
23747
55354
61205
47463
30574
60278
50021
51766
11007
35804
15106
46833
36535
63934
13062
49418
48157
31998
19822
54009
24325
47350
63307
15718
39341
28294
23371
38550
49371
50997
16563
64869
20037
47410
14396
30893
52619
39398
60028
31918
54373
49600
10767
43509
35683
34567
39714
27361
47018
22038
63649
41599
43664
39182
22536
10757
32431
48800
23681
50729
29208
50198
23829
26598
55412
65387
63192
21820
12059
17213
36701
64207
64578
54126
34509
11760
27710
22337
14541
51602
12949
50511
64477
43084
35763
14654
47792
16886
25944
64248
58069
18336
40755
23742
40315
20712
61088
47623
44203
16836
31387
58313
27651
50736
21069
16175
29421
37508
57971
10410
50192
33810
12523
59029
19050
22530
20724
21552
14172
41328
18171
59799
40444
47764
26456
58669
51548
44078
31256
11347
58183
17488
16100
61795
21309
60484
10492
55217
15864
55657
22509
18997
65221
26921
47172
19925
28516
23734
14063
56994
39980
25829
25781
37839
18967
47154
42652
62733
28192
15883
43001
13584
44836
42477
62243
34119
40537
47292
29919
25732
10903
31787
11943
24767
58905
48879
18240
53722
48403
37987
20895
41853
57627
54230
30678
47883
23061
48770
11357
24761
43838
61004
12832
13683
64075
35158
48707
19228
11791
25562
41428
10266
13482
52252
15699
11752
35937
50108
65386
50211
29423
21916
44182
54838
42372
21394
40632
14236
54757
36760
31200
59917
40526
39523
13464
14000
14078
61280
45104
53740
21137
47341
12509
63962
62981
25049
31967
11924
33451
59426
30797
16191
37990
39606
21993
61199
28731
40701
21487
31502
36652
49637
64796
56510
33288
32316
26552
26991
10654
58102
17606
13252
20152
65271
10141
61052
30639
41892
26760
28546
12999
56113
55873
37900
50839
38829
29063
11511
50169
57272
40247
25772
32190
47737
56124
65038
47050
57114
57215
46177
40531
64435
58837
30054
15227
45433
35164
53763
47988
30363
27953
51979
43038
55881
38590
60696
14746
16990
31974
43537
30000
57829
48861
29629
29295
34996
38950
29450
58837
15369
50149
20525
56696
61791
51184
25125
51229
43895
45328
44926
29446
35980
43342
14399
42363
49121
44574
46467
55999
50998
17511
51272
64319
39817
27914
28439
38369
12285
64165
38373
51832
17814
46765
43290
56137
51847
14166
12482
17932
19890
13253
35483
51414
52516
31888
61078
14440
41905
16928
35305
59478
43846
33174
47954
63801
13865
48872
18088
16677
55006
24649
15584
63255
61770
30903
13857
24636
50120
23118
10669
41830
28350
44023
59760
54895
29315
30042
33786
12636
45591
52394
50436
48894
25686
42459
48402
26614
48850
43998
37410
42824
31963
18347
13246
23069
48488
37959
24965
43861
23668
36108
65317
31326
25232
11638
31259
31569
61597
35366
48645
13973
64611
44335
23877
53691
18734
54218
27783
55449
42777
28746
58694
31811
10925
27916
16248
45090
15935
39533
19619
57355
19817
61936
51886
46855
13968
21882
61004
33257
23792
37454
64957
33157
40206
49893
30257
51336
52342
33890
45339
34466
40742
60274
37845
53552
61951
27089
25030
56049
32835
24464
13138
10239
49251
40510
47266
45687
42691
48388
21062
32471
39543
24873
62031
53680
63129
21841
54531
11920
17472
27256
59887
22010
53793
29710
56104
21237
65163
31946
46431
20264
43809
16812
43844
57048
58360
28825
11613
24752
43682
11836
33675
19086
19298
64229
34697
38695
25887
10199
30919
31484
16501
43932
37574
60353
18638
62578
38507
31326
34647
54916
40123
35937
25350
17303
13398
49388
10236
18849
37131
25684
64166
51554
28646
22974
17773
18509
51064
18164
57944
53730
46234
19031
41284
30647
15471
10263
37927
62811
44386
37763
44329
60326
14079
40731
64790
58061
29896
22107
24458
37243
45395
27643
52601
12017
17210
62436
28857
37436
40988
50255
54627
31558
25389
16555
10474
46726
13094
23025
22507
46647
10865
61145
63509
28365
27772
21455
36774
26044
27196
41203
27215
14027
63972
11212
11036
38020
21283
14217
14010
56069
49107
54467
13287
40164
23707
46563
19289
44106
17732
16968
47814
36567
22289
36841
34926
33164
47408
31766
24410
20774
55355
52685
17614
56840
33149
13144
25290
15575
17494
13409
28831
54539
14074
12541
40511
54194
62973
53404
20480
53660
30399
57014
62448
50335
54740
52953
25251
16173
42709
39682
44990
22508
37034
37906
23759
45420
56241
39902
31250
41676
17613
58565
54130
28495
26444
28904
59574
11151
64550
46349
15008
24570
60093
49040
13687
63123
30669
22330
28327
47142
24743
19507
55350
14699
53242
27272
11555
53100
59038
42274
51423
34449
57265
25421
33607
16509
55590
56344
11349
48056
28878
54941
41925
14084
31015
52429
11918
52201
22176
20643
63285
17858
53605
17895
48750
38028
43712
65179
17667
18531
54876
47502
51507
64090
43266
17049
22592
12279
26957
26913
39279
11069
32225
21703
59530
20515
62295
46013
51014
10691
44479
46584
43756
58650
36785
47267
20711
51110
65198
47736
18542
21790
24524
37554
54175
50613
37257
10874
13175
37304
33365
40785
53738
53692
55675
57703
17416
49946
49662
40810
41549
44906
55091
33674
45392
55360
52396
37816
50701
28323
19804
42585
17498
39215
35769
50823
12530
41456
54076
52780
63420
50806
41096
41834
19557
64282
19876
37048
60332
58807
54222
47125
32679
38637
33549
59839
28965
29519
12477
58194
34567
46159
44317
27902
16990
35032
22563
55487
45984
10854
41150
47875
18628
61189
52788
27038
36565
24302
48321
41716
40428
12775
49378
52264
59165
64352
13132
59702
39550
10957
50946
11811
36436
63247
25740
58570
13936
39352
39162
32736
35332
59202
61904
15770
32833
17609
11252
13521
62542
56548
19811
55760
39702
61454
62193
15280
16007
27793
35740
42487
62915
25768
14572
45423
37261
46008
17600
36279
42672
29766
20428
18422
26316
43764
53020
14763
34873
52527
27201
58140
57774
46808
57964
10943
18433
47197
59203
45940
12524
32564
21000
58007
40085
44506
35081
32967
53695
57057
12019
20055
63835
49261
12373
33244
26125
10814
28975
45413
35236
11334
30908
50065
18828
37840
58523
25581
61999
42577
62948
46943
37110
16239
26296
11531
58538
36612
27037
27294
31032
22539
29581
24735
52023
41310
23598
54844
54613
64654
34327
10242
24143
62669
53942
26648
58321
20697
60871
38043
29508
38312
15437
53947
63239
55134
41270
44499
20681
11585
19697
41423
54739
52164
51224
40861
27530
28814
51112
28303
29083
57409
43109
51945
57002
42621
60472
48659
56821
29513
28546
36839
24091
59490
60306
33266
36049
60975
46302
44517
40540
42112
11415
34318
64179
57973
38073
44252
19810
29315
27283
42203
33250
43760
26473
31393
20759
52043
20781
63634
11741
61812
23798
46324
53579
22297
63694
52649
15761
26628
49700
57638
48540
17113
18405
24448
50430
43867
43189
32017
13595
62396
12838
18760
35999
21751
10240
62239
43988
12353
28770
43897
27861
52655
22857
25573
42938
41202
62248
16404
49027
12876
32962
20678
48376
60456
35261
39291
15687
27596
33868
62380
28096
13411
16006
61879
37120
22624
32562
32161
34893
39305
38848
63466
12886
25942
40570
26726
62578
25249
40735
56727
10533
51344
47013
20073
10874
40191
59457
48729
26923
13186
31050
10796
40155
56795
29315
43257
55230
35524
40589
54588
21262
22914
23402
19471
13713
30257
20482
44589
34295
33011
16139
35111
42833
27015
30452
44475
35678
46634
43541
49851
23885
43373
50301
60734
60876
44008
48911
21965
56555
52686
46143
56279
32406
61856
31324
17581
35664
57328
59089
49121
40638
11151
15650
36089
33505
27203
15390
30902
14809
60446
51642
43694
58186
60031
45249
29138
26717
18893
17612
17739
56455
51708
32210
54780
38932
22821
29911
21128
57414
12014
46048
25070
42934
10117
37380
20935
52520
16596
37910
65304
34367
39116
27130
51468
33629
14171
34578
11318
18889
65141
59836
46786
59831
39690
15298
50906
51908
33614
36222
59220
63675
30439
24151
53344
40315
40121
10838
50760
35038
52533
53928
50993
31413
19651
50150
61985
10343
22780
32373
39296
65257
52397
53451
56040
22837
63021
55455
24425
38748
29985
26139
22796
12759
40329
51973
43378
34186
43079
23989
41288
14797
53496
25920
29969
21941
19719
57608
57022
56153
45496
55739
53082
64826
58748
15536
15096
52067
16331
54570
41153
46719
51188
19315
20562
27737
59768
25494
38616
52858
49017
57041
64795
21218
54741
10102
60675
62394
57396
32159
29954
32855
31446
56798
40090
21738
18371
26167
63368
39714
62414
18543
26894
62300
38518
23570
52755
45788
46069
29060
11946
54844
49763
24278
49053
64052
17115
46378
56373
45619
28408
58076
45421
10695
44549
63070
40423
28208
45421
40855
49437
61995
25295
40184
53231
28276
61920
53890
23217
61865
29833
35150
31156
26878
51839
34618
21958
57331
47900
22591
30177
40935
12237
55448
48712
37148
18245
13863
55154
12238
56738
53435
34173
65403
17956
20525
19507
55500
20568
27504
54703
41320
14008
62578
61258
64732
57748
31640
64154
54572
38504
15045
42108
21781
14100
38332
19020
38595
48138
33130
61460
63955
45803
37505
33266
11665
24325
33725
12264
20911
32321
57500
13557
51086
43075
37964
38937
55914
61178
60054
25516
39449
13169
63509
58807
30340
23300
36612
26692
18839
31902
41263
56151
42876
10996
32976
37427
54693
37373
22664
11965
26840
60293
51623
17873
57488
27300
44422
64496
34536
35465
48885
59149
27483
53353
47951
21958
35904
62966
53563
23881
11065
25431
62712
27465
53556
43479
55082
20262
36232
27630
18395
18998
34755
27432
62319
63631
63469
62721
61590
19599
41132
59698
62106
59373
31363
37835
35613
20526
24187
43686
23545
61396
33750
32816
23695
36768
49748
38840
44978
40860
57313
62782
23777
29183
36460
41792
55205
43542
37441
30561
28210
58680
14494
60307
40880
62025
64744
24722
45258
19630
64104
21182
48844
34084
61581
38152
44895
26066
47944
39541
14581
42980
22970
42309
40409
65379
39210
54235
47915
39408
53386
52392
26506
43777
16889
56086
15663
39472
57738
51326
47054
30612
43953
60831
25820
16409
17761
28322
20369
55147
52621
52238
15239
13797
30957
29357
47565
18563
49909
27076
49422
21635
15756
49524
46795
42830
49296
64692
41905
56467
21669
21913
26704
23383
58378
38073
36795
51641
64965
63865
43102
17349
45770
32628
40726
22855
19494
28949
35326
21022
16986
57861
57728
29924
19893
27624
44439
55491
18018
36077
30256
45488
48187
24605
42110
46734
62502
30092
39494
27223
37566
21851
50971
34600
50779
42808
60614
30470
31679
41584
56589
11213
29769
62505
18972
48022
57270
30139
45000
37166
57061
52885
20242
57383
11850
56832
15959
41253
32661
33906
64464
12465
52517
50054
42518
11170
39346
30704
58755
32516
57513
45179
25204
57117
39290
14491
14227
20460
28191
48347
32418
27775
48058
57226
26085
16133
20681
31486
38595
27212
30836
35270
24851
19609
52995
60103
51104
63635
46464
39528
40266
32794
43356
59162
16290
28808
53755
26545
22330
48536
18472
13623
39077
49357
51863
61385
40772
21692
21642
47684
51875
42858
49485
57326
48062
28262
46393
18647
51922
52064
62239
20547
53257
54901
34513
19921
10627
51925
18294
54618
11868
45109
31974
58376
65095
21154
64012
42761
60072
51939
25685
23603
42918
42843
13963
33878
40871
10357
36707
41395
22062
47463
26664
30951
23724
30943
63086
18787
49640
26382
62161
17225
54057
32344
34352
53148
31426
28608
47624
10979
46040
55635
52146
14895
43392
35332
59799
11250
38812
58637
54251
27235
58518
46079
52328
35416
54522
36092
27757
18113
33049
43355
30016
31794
30741
49287
55118
56108
60505
13892
29207
49583
11865
32612
32911
34956
59555
21837
50238
40082
63141
40880
23740
45014
45462
57516
55513
53478
62845
44376
16114
61759
25076
30950
32918
46537
15236
57559
42090
53522
61643
17940
36315
19854
22494
63228
34791
10169
40812
10379
23426
16663
38012
49526
38678
56247
40608
49624
36546
65101
36025
29046
42079
60987
49696
20953
28671
37243
18713
10367
51572
42589
14291
19967
52120
25479
62055
51079
57710
56561
32553
22342
32533
38555
17329
57414
56150
45999
56650
60590
55027
56084
16441
12066
23446
36747
64376
37219
38256
20486
30692
37868
24875
60308
25460
19211
42389
33584
10038
28582
63577
21751
13737
63273
58064
41120
22165
41010
34154
53024
63667
46075
46537
57404
28486
17847
23213
20506
37715
45190
53191
41314
30518
64219
10184
48185
24073
22330
17471
52695
21911
19863
56082
21029
32395
49916
63399
53961
15361
21179
18487
58562
35962
34454
36165
45046
22577
38830
35453
51875
44613
10905
51426
36845
30127
65090
49222
39559
13707
21415
17242
27336
62053
41349
59512
58868
46768
28171
46504
56442
15193
55289
49768
29353
44624
36784
11657
62081
43208
36097
31662
28949
37602
15183
63274
55692
14218
22703
36018
53530
18418
34906
49102
56021
50795
31668
52417
65304
29441
48132
29112
61845
64804
48007
38636
27679
31778
48899
17802
51844
21501
52896
52238
20370
35859
26059
41566
10212
64417
30425
48416
13691
33941
45134
15919
34263
14358
43263
45346
59917
59012
52913
33055
24501
65244
39756
63470
25543
59916
18183
27245
24339
21530
28339
21217
31987
47930
44309
62574
26092
23214
16027
50118
14453
60452
15947
56828
22859
34619
58028
12870
33228
63510
31792
43940
14672
41636
36886
47263
59123
23044
26009
20131
11432
41856
22473
26785
61661
56956
22167
46888
42082
31793
33281
54232
24135
38177
65249
63624
44845
44403
17813
39395
40650
53496
37558
42838
21586
57986
48385
57740
14917
30174
38395
16082
18636
42911
11225
38233
26806
64806
20996
42654
17817
26560
61292
30517
42255
45718
10896
41828
59048
43262
45058
13104
19945
57593
56796
26063
47250
55139
31048
23142
28372
47434
12031
59954
31787
37147
60311
14130
24896
11411
57120
63457
38511
25757
45005
14804
37540
60920
27937
28101
45358
63194
34739
57913
52013
21684
27218
25716
43391
57759
50598
14929
59579
64842
49634
35742
47947
57556
65200
39207
33844
11863
35830
50202
19499
21656
29344
55455
39965
32044
48945
32063
45555
25057
39618
61149
11468
50158
50161
25679
39660
61949
54618
63172
36243
19772
51808
22085
43347
37122
28862
64253
36576
13463
58937
59331
49294
51926
28674
59754
31759
16526
23282
13315
61804
22473
40517
57120
22856
63255
60880
41260
42217
14607
19546
63064
58014
32888
44090
39859
37550
11912
54428
54057
54270
14689
32421
23759
19315
28793
32324
22792
26955
44051
40985
16297
48141
37129
51364
39113
60559
40093
33251
32966
17883
18337
12109
43536
30121
39519
10673
29438
31816
28766
12098
65348
19023
44305
29764
15033
13278
29245
19890
41610
51125
28706
46088
58116
31526
24833
33396
19786
45483
54040
65034
37249
43042
29012
55635
49601
23032
18558
64187
61590
28653
40365
34121
22044
